task_name,timestamp,project_name,run_id,duration,emissions,emissions_rate,cpu_power,gpu_power,ram_power,cpu_energy,gpu_energy,ram_energy,energy_consumed,water_consumed,country_name,country_iso_code,region,cloud_provider,cloud_region,os,python_version,codecarbon_version,cpu_count,cpu_model,gpu_count,gpu_model,longitude,latitude,ram_total_size,tracking_mode,cpu_utilization_percent,gpu_utilization_percent,ram_utilization_percent,ram_used_gb,on_cloud
idle_baseline_head,2026-09-09T12:38:45,td3_HalfCheetah-v5_seed14577,39fbe670-adae-4439-9e35-1a80df6f449c,90.00373189599486,0.0007042222272273989,7.824366244452146e-06,13.983334283334063,17.25051566672245,20.0,0.000439831701309526,0.0008917959912138063,0.0005169672076667161,0.0018485949001900482,0.0,Germany,DEU,baden-wurttemberg,,,Linux-7.0.0-31-generic-x86_64-with-glibc2.43,3.14.4,3.3.0,24,Intel(R) Core(TM) Ultra 9 285K,1,1 x NVIDIA GeForce RTX 5090,9.2986,48.7383,60.81614685058594,machine,0.0,0.0,0.0,0.0,N
warmup_0,2026-09-09T12:38:46,td3_HalfCheetah-v5_seed14577,39fbe670-adae-4439-9e35-1a80df6f449c,0.3009124809905188,3.865358521519145e-06,1.2844937225620193e-05,22.068572708075834,32.44024793603278,20.0,3.221667021775787e-06,5.253059758070222e-06,1.671902755576095e-06,1.0146629535422213e-05,0.0,Germany,DEU,baden-wurttemberg,,,Linux-7.0.0-31-generic-x86_64-with-glibc2.43,3.14.4,3.3.0,24,Intel(R) Core(TM) Ultra 9 285K,1,1 x NVIDIA GeForce RTX 5090,9.2986,48.7383,60.81614685058594,machine,0.0,0.0,0.0,0.0,N
rollout_0,2026-09-09T12:38:46,td3_HalfCheetah-v5_seed14577,39fbe670-adae-4439-9e35-1a80df6f449c,0.19655902699742,2.524454836592277e-06,1.2844102101952721e-05,25.025974383719845,41.158169813955425,20.0,1.8697237180037574e-06,3.6677807118135064e-06,1.0892309333333447e-06,6.6267353631506085e-06,0.0,Germany,DEU,baden-wurttemberg,,,Linux-7.0.0-31-generic-x86_64-with-glibc2.43,3.14.4,3.3.0,24,Intel(R) Core(TM) Ultra 9 285K,1,1 x NVIDIA GeForce RTX 5090,9.2986,48.7383,60.81614685058594,machine,0.0,0.0,0.0,0.0,N
gradient_updates_0,2026-09-09T12:38:48,td3_HalfCheetah-v5_seed14577,39fbe670-adae-4439-9e35-1a80df6f449c,2.0204186080081854,2.935093344089395e-05,1.4527192338786486e-05,26.43076054275795,50.70366959139992,20.0,1.5932792746226054e-05,4.9888928800090326e-05,1.1224960277791528e-05,7.704668182410791e-05,0.0,Germany,DEU,baden-wurttemberg,,,Linux-7.0.0-31-generic-x86_64-with-glibc2.43,3.14.4,3.3.0,24,Intel(R) Core(TM) Ultra 9 285K,1,1 x NVIDIA GeForce RTX 5090,9.2986,48.7383,60.81614685058594,machine,0.0,0.0,0.0,0.0,N
rollout_1,2026-09-09T12:38:48,td3_HalfCheetah-v5_seed14577,39fbe670-adae-4439-9e35-1a80df6f449c,0.11990841999067925,1.4402909659583718e-06,1.2012473450799652e-05,27.080672535885256,52.73652389219069,20.0,1.0270841549961385e-06,2.0897238939276974e-06,6.639793666383823e-07,3.7807874155621098e-06,0.0,Germany,DEU,baden-wurttemberg,,,Linux-7.0.0-31-generic-x86_64-with-glibc2.43,3.14.4,3.3.0,24,Intel(R) Core(TM) Ultra 9 285K,1,1 x NVIDIA GeForce RTX 5090,9.2986,48.7383,60.81614685058594,machine,0.0,0.0,0.0,0.0,N
gradient_updates_1,2026-09-09T12:38:50,td3_HalfCheetah-v5_seed14577,39fbe670-adae-4439-9e35-1a80df6f449c,1.8822425639955327,2.8106735184469582e-05,1.4932579292292553e-05,27.39687682224565,58.4658650781359,20.0,1.4790335165590363e-05,4.853531660597987e-05,1.0454989216668775e-05,7.37806409882389e-05,0.0,Germany,DEU,baden-wurttemberg,,,Linux-7.0.0-31-generic-x86_64-with-glibc2.43,3.14.4,3.3.0,24,Intel(R) Core(TM) Ultra 9 285K,1,1 x NVIDIA GeForce RTX 5090,9.2986,48.7383,60.81614685058594,machine,0.0,0.0,0.0,0.0,N
rollout_2,2026-09-09T12:38:50,td3_HalfCheetah-v5_seed14577,39fbe670-adae-4439-9e35-1a80df6f449c,0.11221124599978793,1.4182391856102207e-06,1.2636944924650799e-05,28.20642223500989,59.2880727712129,20.0,1.0748441932051378e-06,2.0255571759886237e-06,6.224997611652128e-07,3.7229011303589743e-06,0.0,Germany,DEU,baden-wurttemberg,,,Linux-7.0.0-31-generic-x86_64-with-glibc2.43,3.14.4,3.3.0,24,Intel(R) Core(TM) Ultra 9 285K,1,1 x NVIDIA GeForce RTX 5090,9.2986,48.7383,60.81614685058594,machine,0.0,0.0,0.0,0.0,N
gradient_updates_2,2026-09-09T12:38:52,td3_HalfCheetah-v5_seed14577,39fbe670-adae-4439-9e35-1a80df6f449c,1.9095332689903444,2.8062716138253655e-05,1.4696228658187572e-05,28.539696708389556,62.737112990664755,20.0,1.5153205455885332e-05,4.7906427213861846e-05,1.0605457599982982e-05,7.366509026973016e-05,0.0,Germany,DEU,baden-wurttemberg,,,Linux-7.0.0-31-generic-x86_64-with-glibc2.43,3.14.4,3.3.0,24,Intel(R) Core(TM) Ultra 9 285K,1,1 x NVIDIA GeForce RTX 5090,9.2986,48.7383,60.81614685058594,machine,0.0,0.0,0.0,0.0,N
rollout_3,2026-09-09T12:38:52,td3_HalfCheetah-v5_seed14577,39fbe670-adae-4439-9e35-1a80df6f449c,0.11291547601285856,1.455161891174327e-06,1.2886599165828853e-05,29.04148388672217,63.23573095286558,20.0,1.0715889128265488e-06,2.1219461421306818e-06,6.262887832740854e-07,3.819823838231533e-06,0.0,Germany,DEU,baden-wurttemberg,,,Linux-7.0.0-31-generic-x86_64-with-glibc2.43,3.14.4,3.3.0,24,Intel(R) Core(TM) Ultra 9 285K,1,1 x NVIDIA GeForce RTX 5090,9.2986,48.7383,60.81614685058594,machine,0.0,0.0,0.0,0.0,N
gradient_updates_3,2026-09-09T12:38:54,td3_HalfCheetah-v5_seed14577,39fbe670-adae-4439-9e35-1a80df6f449c,1.889306167999166,2.7844329144519e-05,1.473791092657271e-05,29.210257794931888,65.7617168043187,20.0,1.483531464602228e-05,4.776226043223808e-05,1.049424574998232e-05,7.309182082824257e-05,0.0,Germany,DEU,baden-wurttemberg,,,Linux-7.0.0-31-generic-x86_64-with-glibc2.43,3.14.4,3.3.0,24,Intel(R) Core(TM) Ultra 9 285K,1,1 x NVIDIA GeForce RTX 5090,9.2986,48.7383,60.81614685058594,machine,0.0,0.0,0.0,0.0,N
rollout_4,2026-09-09T12:38:55,td3_HalfCheetah-v5_seed14577,39fbe670-adae-4439-9e35-1a80df6f449c,0.11346085899276659,1.5525306971080457e-06,1.3683497529638212e-05,29.67113055109127,66.45532927082844,20.0,1.114313391448185e-06,2.3319463098303572e-06,6.291588499961285e-07,4.075418551274454e-06,0.0,Germany,DEU,baden-wurttemberg,,,Linux-7.0.0-31-generic-x86_64-with-glibc2.43,3.14.4,3.3.0,24,Intel(R) Core(TM) Ultra 9 285K,1,1 x NVIDIA GeForce RTX 5090,9.2986,48.7383,60.81614685058594,machine,0.0,0.0,0.0,0.0,N
gradient_updates_4,2026-09-09T12:38:56,td3_HalfCheetah-v5_seed14577,39fbe670-adae-4439-9e35-1a80df6f449c,1.8961316990025807,2.7837608982170746e-05,1.4681325145895819e-05,29.815930836399236,68.29044852333833,20.0,1.4961911413959028e-05,4.757670472788078e-05,1.05355641499854e-05,7.30741802918251e-05,0.0,Germany,DEU,baden-wurttemberg,,,Linux-7.0.0-31-generic-x86_64-with-glibc2.43,3.14.4,3.3.0,24,Intel(R) Core(TM) Ultra 9 285K,1,1 x NVIDIA GeForce RTX 5090,9.2986,48.7383,60.81614685058594,machine,0.0,0.0,0.0,0.0,N
rollout_5,2026-09-09T12:38:57,td3_HalfCheetah-v5_seed14577,39fbe670-adae-4439-9e35-1a80df6f449c,0.11485362799430732,1.5321970822964985e-06,1.3339531317517335e-05,30.105813181210035,68.48640933819603,20.0,1.1125333900241507e-06,2.2705573721193417e-06,6.389517166503289e-07,4.022042478793713e-06,0.0,Germany,DEU,baden-wurttemberg,,,Linux-7.0.0-31-generic-x86_64-with-glibc2.43,3.14.4,3.3.0,24,Intel(R) Core(TM) Ultra 9 285K,1,1 x NVIDIA GeForce RTX 5090,9.2986,48.7383,60.81614685058594,machine,0.0,0.0,0.0,0.0,N
gradient_updates_5,2026-09-09T12:38:58,td3_HalfCheetah-v5_seed14577,39fbe670-adae-4439-9e35-1a80df6f449c,1.8841947009932483,2.7128643147011195e-05,1.4398098511769072e-05,30.171772742168454,69.77003635585942,20.0,1.483497547907775e-05,4.591309228607621e-05,1.0465065577833828e-05,7.121313334298779e-05,0.0,Germany,DEU,baden-wurttemberg,,,Linux-7.0.0-31-generic-x86_64-with-glibc2.43,3.14.4,3.3.0,24,Intel(R) Core(TM) Ultra 9 285K,1,1 x NVIDIA GeForce RTX 5090,9.2986,48.7383,60.81614685058594,machine,0.0,0.0,0.0,0.0,N
rollout_6,2026-09-09T12:38:59,td3_HalfCheetah-v5_seed14577,39fbe670-adae-4439-9e35-1a80df6f449c,0.11096232099225745,1.5713019579195135e-06,1.4159361800032778e-05,30.34974366754923,70.43294205985721,20.0,1.0359341620774787e-06,2.47361309013705e-06,6.151461666579127e-07,4.12469341887255e-06,0.0,Germany,DEU,baden-wurttemberg,,,Linux-7.0.0-31-generic-x86_64-with-glibc2.43,3.14.4,3.3.0,24,Intel(R) Core(TM) Ultra 9 285K,1,1 x NVIDIA GeForce RTX 5090,9.2986,48.7383,60.81614685058594,machine,0.0,0.0,0.0,0.0,N
gradient_updates_6,2026-09-09T12:39:00,td3_HalfCheetah-v5_seed14577,39fbe670-adae-4439-9e35-1a80df6f449c,1.9045368049992248,2.803598649552333e-05,1.4720765816941733e-05,30.35383412405018,71.65950584101469,20.0,1.47327417861845e-05,4.82839275162128e-05,1.0578255216629859e-05,7.359492451902705e-05,0.0,Germany,DEU,baden-wurttemberg,,,Linux-7.0.0-31-generic-x86_64-with-glibc2.43,3.14.4,3.3.0,24,Intel(R) Core(TM) Ultra 9 285K,1,1 x NVIDIA GeForce RTX 5090,9.2986,48.7383,60.81614685058594,machine,0.0,0.0,0.0,0.0,N
rollout_7,2026-09-09T12:39:01,td3_HalfCheetah-v5_seed14577,39fbe670-adae-4439-9e35-1a80df6f449c,0.11660066500189714,1.4192834545773093e-06,1.2173122210716754e-05,30.695306766328216,70.90301599805603,20.0,1.203000962402001e-06,1.8777792800683812e-06,6.448621110595725e-07,3.7256423535301716e-06,0.0,Germany,DEU,baden-wurttemberg,,,Linux-7.0.0-31-generic-x86_64-with-glibc2.43,3.14.4,3.3.0,24,Intel(R) Core(TM) Ultra 9 285K,1,1 x NVIDIA GeForce RTX 5090,9.2986,48.7383,60.81614685058594,machine,0.0,0.0,0.0,0.0,N
gradient_updates_7,2026-09-09T12:39:02,td3_HalfCheetah-v5_seed14577,39fbe670-adae-4439-9e35-1a80df6f449c,1.905897313990863,2.812905335940522e-05,1.4759055865969095e-05,30.787874457887167,71.96364262889674,20.0,1.5055057877369493e-05,4.8198094114049184e-05,1.058607457218592e-05,7.38392265636047e-05,0.0,Germany,DEU,baden-wurttemberg,,,Linux-7.0.0-31-generic-x86_64-with-glibc2.43,3.14.4,3.3.0,24,Intel(R) Core(TM) Ultra 9 285K,1,1 x NVIDIA GeForce RTX 5090,9.2986,48.7383,60.81614685058594,machine,0.0,0.0,0.0,0.0,N
rollout_8,2026-09-09T12:39:03,td3_HalfCheetah-v5_seed14577,39fbe670-adae-4439-9e35-1a80df6f449c,0.11235805899195839,1.4130846335978949e-06,1.2576377524442837e-05,30.925161661581285,71.60810414531457,20.0,1.0653327967083404e-06,2.0211127278457752e-06,6.229248222047474e-07,3.70937034675908e-06,0.0,Germany,DEU,baden-wurttemberg,,,Linux-7.0.0-31-generic-x86_64-with-glibc2.43,3.14.4,3.3.0,24,Intel(R) Core(TM) Ultra 9 285K,1,1 x NVIDIA GeForce RTX 5090,9.2986,48.7383,60.81614685058594,machine,0.0,0.0,0.0,0.0,N
gradient_updates_8,2026-09-09T12:39:04,td3_HalfCheetah-v5_seed14577,39fbe670-adae-4439-9e35-1a80df6f449c,1.8850691429979634,2.769244457216549e-05,1.4690530460108507e-05,30.890592832473583,72.57698994933294,20.0,1.4081853765474106e-05,4.814114962403693e-05,1.0470117944431727e-05,7.269312133394287e-05,0.0,Germany,DEU,baden-wurttemberg,,,Linux-7.0.0-31-generic-x86_64-with-glibc2.43,3.14.4,3.3.0,24,Intel(R) Core(TM) Ultra 9 285K,1,1 x NVIDIA GeForce RTX 5090,9.2986,48.7383,60.81614685058594,machine,0.0,0.0,0.0,0.0,N
rollout_9,2026-09-09T12:39:05,td3_HalfCheetah-v5_seed14577,39fbe670-adae-4439-9e35-1a80df6f449c,0.11423988299793564,1.419242899598338e-06,1.2423272936536137e-05,31.003017939216747,72.16915103190883,20.0,1.0773194729710167e-06,2.015001612010181e-06,6.332148110636772e-07,3.7255358960449833e-06,0.0,Germany,DEU,baden-wurttemberg,,,Linux-7.0.0-31-generic-x86_64-with-glibc2.43,3.14.4,3.3.0,24,Intel(R) Core(TM) Ultra 9 285K,1,1 x NVIDIA GeForce RTX 5090,9.2986,48.7383,60.81614685058594,machine,0.0,0.0,0.0,0.0,N
gradient_updates_9,2026-09-09T12:39:06,td3_HalfCheetah-v5_seed14577,39fbe670-adae-4439-9e35-1a80df6f449c,1.9192133269971237,2.7549389444167863e-05,1.435465417310541e-05,30.938020722314853,72.94398113868625,20.0,1.3689652896164972e-05,4.796781615201695e-05,1.0660130227754263e-05,7.23175992759363e-05,0.0,Germany,DEU,baden-wurttemberg,,,Linux-7.0.0-31-generic-x86_64-with-glibc2.43,3.14.4,3.3.0,24,Intel(R) Core(TM) Ultra 9 285K,1,1 x NVIDIA GeForce RTX 5090,9.2986,48.7383,60.81614685058594,machine,0.0,0.0,0.0,0.0,N
rollout_10,2026-09-09T12:39:07,td3_HalfCheetah-v5_seed14577,39fbe670-adae-4439-9e35-1a80df6f449c,0.11400895001133904,1.5479608863337886e-06,1.3575126770735612e-05,31.079122176415222,72.96680478348318,20.0,1.1078881085382908e-06,2.323612970034361e-06,6.319216444455097e-07,4.063422723017945e-06,0.0,Germany,DEU,baden-wurttemberg,,,Linux-7.0.0-31-generic-x86_64-with-glibc2.43,3.14.4,3.3.0,24,Intel(R) Core(TM) Ultra 9 285K,1,1 x NVIDIA GeForce RTX 5090,9.2986,48.7383,60.81614685058594,machine,0.0,0.0,0.0,0.0,N
gradient_updates_10,2026-09-09T12:39:09,td3_HalfCheetah-v5_seed14577,39fbe670-adae-4439-9e35-1a80df6f449c,1.9087459139991552,2.8322151724643812e-05,1.4838147281513433e-05,31.10715964790578,73.68749735531458,20.0,1.5517092969222213e-05,4.822809413784768e-05,1.0600925833326386e-05,7.434611294039606e-05,0.0,Germany,DEU,baden-wurttemberg,,,Linux-7.0.0-31-generic-x86_64-with-glibc2.43,3.14.4,3.3.0,24,Intel(R) Core(TM) Ultra 9 285K,1,1 x NVIDIA GeForce RTX 5090,9.2986,48.7383,60.81614685058594,machine,0.0,0.0,0.0,0.0,N
rollout_11,2026-09-09T12:39:09,td3_HalfCheetah-v5_seed14577,39fbe670-adae-4439-9e35-1a80df6f449c,0.12025551800616086,1.4371666042147652e-06,1.195228727731202e-05,31.210537603242877,73.08183323422625,20.0,1.1563428695196554e-06,1.94527933405908e-06,6.709637111473746e-07,3.7725859147260017e-06,0.0,Germany,DEU,baden-wurttemberg,,,Linux-7.0.0-31-generic-x86_64-with-glibc2.43,3.14.4,3.3.0,24,Intel(R) Core(TM) Ultra 9 285K,1,1 x NVIDIA GeForce RTX 5090,9.2986,48.7383,60.81614685058594,machine,0.0,0.0,0.0,0.0,N
gradient_updates_11,2026-09-09T12:39:11,td3_HalfCheetah-v5_seed14577,39fbe670-adae-4439-9e35-1a80df6f449c,1.9175715499877697,2.8019531066933055e-05,1.4612084389983247e-05,31.184177381535907,73.74096274942329,20.0,1.4504657437054702e-05,4.839670538414609e-05,1.0650365927803102e-05,7.355172874900411e-05,0.0,Germany,DEU,baden-wurttemberg,,,Linux-7.0.0-31-generic-x86_64-with-glibc2.43,3.14.4,3.3.0,24,Intel(R) Core(TM) Ultra 9 285K,1,1 x NVIDIA GeForce RTX 5090,9.2986,48.7383,60.81614685058594,machine,0.0,0.0,0.0,0.0,N
rollout_12,2026-09-09T12:39:11,td3_HalfCheetah-v5_seed14577,39fbe670-adae-4439-9e35-1a80df6f449c,0.1140755789965624,1.4093774296517272e-06,1.2354419862040677e-05,31.023166917945126,73.59603869353661,20.0,8.603229104814369e-07,2.2063906539582234e-06,6.329253111389934e-07,3.6996388755785453e-06,0.0,Germany,DEU,baden-wurttemberg,,,Linux-7.0.0-31-generic-x86_64-with-glibc2.43,3.14.4,3.3.0,24,Intel(R) Core(TM) Ultra 9 285K,1,1 x NVIDIA GeForce RTX 5090,9.2986,48.7383,60.81614685058594,machine,0.0,0.0,0.0,0.0,N
gradient_updates_12,2026-09-09T12:39:13,td3_HalfCheetah-v5_seed14577,39fbe670-adae-4439-9e35-1a80df6f449c,1.8952826529857703,2.7797406837969107e-05,1.4666690942165414e-05,30.880911741060793,74.20976882029953,20.0,1.4300257551308482e-05,4.813531628578005e-05,1.0533075166636549e-05,7.296864900372497e-05,0.0,Germany,DEU,baden-wurttemberg,,,Linux-7.0.0-31-generic-x86_64-with-glibc2.43,3.14.4,3.3.0,24,Intel(R) Core(TM) Ultra 9 285K,1,1 x NVIDIA GeForce RTX 5090,9.2986,48.7383,60.81614685058594,machine,0.0,0.0,0.0,0.0,N
rollout_13,2026-09-09T12:39:13,td3_HalfCheetah-v5_seed14577,39fbe670-adae-4439-9e35-1a80df6f449c,0.11244414899556432,1.4450487914943744e-06,1.2850399591644506e-05,30.94324800401032,74.00842732586783,20.0,1.0415969443899886e-06,2.1277794801655148e-06,6.239003610971445e-07,3.7932767856527563e-06,0.0,Germany,DEU,baden-wurttemberg,,,Linux-7.0.0-31-generic-x86_64-with-glibc2.43,3.14.4,3.3.0,24,Intel(R) Core(TM) Ultra 9 285K,1,1 x NVIDIA GeForce RTX 5090,9.2986,48.7383,60.81614685058594,machine,0.0,0.0,0.0,0.0,N
gradient_updates_13,2026-09-09T12:39:15,td3_HalfCheetah-v5_seed14577,39fbe670-adae-4439-9e35-1a80df6f449c,1.9096689370053355,2.765223466291364e-05,1.4480234635927282e-05,30.900103099223205,74.53629805248313,20.0,1.405082762954285e-05,4.7930038344023984e-05,1.0606703688891797e-05,7.258756966245852e-05,0.0,Germany,DEU,baden-wurttemberg,,,Linux-7.0.0-31-generic-x86_64-with-glibc2.43,3.14.4,3.3.0,24,Intel(R) Core(TM) Ultra 9 285K,1,1 x NVIDIA GeForce RTX 5090,9.2986,48.7383,60.81614685058594,machine,0.0,0.0,0.0,0.0,N
rollout_14,2026-09-09T12:39:15,td3_HalfCheetah-v5_seed14577,39fbe670-adae-4439-9e35-1a80df6f449c,0.11711366398958489,2.2368569592905e-06,1.9096800996575872e-05,30.765720673210964,76.38287336533192,20.0,8.803457042724783e-07,4.341947918096167e-06,6.494925944328274e-07,5.871786216801473e-06,0.0,Germany,DEU,baden-wurttemberg,,,Linux-7.0.0-31-generic-x86_64-with-glibc2.43,3.14.4,3.3.0,24,Intel(R) Core(TM) Ultra 9 285K,1,1 x NVIDIA GeForce RTX 5090,9.2986,48.7383,60.81614685058594,machine,0.0,0.0,0.0,0.0,N
gradient_updates_14,2026-09-09T12:39:17,td3_HalfCheetah-v5_seed14577,39fbe670-adae-4439-9e35-1a80df6f449c,1.8917586210009176,2.7085561427837856e-05,1.4317722012987326e-05,30.656957937167192,76.72069068714907,20.0,1.4599854735425355e-05,4.599198123789172e-05,1.0508207150026734e-05,7.110004312334403e-05,0.0,Germany,DEU,baden-wurttemberg,,,Linux-7.0.0-31-generic-x86_64-with-glibc2.43,3.14.4,3.3.0,24,Intel(R) Core(TM) Ultra 9 285K,1,1 x NVIDIA GeForce RTX 5090,9.2986,48.7383,60.81614685058594,machine,0.0,0.0,0.0,0.0,N
rollout_15,2026-09-09T12:39:17,td3_HalfCheetah-v5_seed14577,39fbe670-adae-4439-9e35-1a80df6f449c,0.10651661500742193,1.3382822594812296e-06,1.2563347121768647e-05,30.724102687611328,76.3393554680839,20.0,1.0060949715423595e-06,1.9086126381573365e-06,5.983052777688673e-07,3.5130128874685633e-06,0.0,Germany,DEU,baden-wurttemberg,,,Linux-7.0.0-31-generic-x86_64-with-glibc2.43,3.14.4,3.3.0,24,Intel(R) Core(TM) Ultra 9 285K,1,1 x NVIDIA GeForce RTX 5090,9.2986,48.7383,60.81614685058594,machine,0.0,0.0,0.0,0.0,N
gradient_updates_15,2026-09-09T12:39:19,td3_HalfCheetah-v5_seed14577,39fbe670-adae-4439-9e35-1a80df6f449c,1.8987065639958018,2.7930249680533205e-05,1.4710211366456362e-05,30.70769455232947,76.77662887038309,20.0,1.4445198778370583e-05,4.832614977212657e-05,1.0546015094425659e-05,7.33173636449226e-05,0.0,Germany,DEU,baden-wurttemberg,,,Linux-7.0.0-31-generic-x86_64-with-glibc2.43,3.14.4,3.3.0,24,Intel(R) Core(TM) Ultra 9 285K,1,1 x NVIDIA GeForce RTX 5090,9.2986,48.7383,60.81614685058594,machine,0.0,0.0,0.0,0.0,N
rollout_16,2026-09-09T12:39:19,td3_HalfCheetah-v5_seed14577,39fbe670-adae-4439-9e35-1a80df6f449c,0.10511743000824936,1.3086905628653493e-06,1.2448812490964983e-05,30.753468510944646,76.4428857664414,20.0,9.631160482748147e-07,1.8891681778931968e-06,5.830499721923635e-07,3.435334198360375e-06,0.0,Germany,DEU,baden-wurttemberg,,,Linux-7.0.0-31-generic-x86_64-with-glibc2.43,3.14.4,3.3.0,24,Intel(R) Core(TM) Ultra 9 285K,1,1 x NVIDIA GeForce RTX 5090,9.2986,48.7383,60.81614685058594,machine,0.0,0.0,0.0,0.0,N
gradient_updates_16,2026-09-09T12:39:21,td3_HalfCheetah-v5_seed14577,39fbe670-adae-4439-9e35-1a80df6f449c,1.8794229500053916,2.798738962997687e-05,1.4891525711039734e-05,30.73757921194973,76.88311243732593,20.0,1.462060697425549e-05,4.840698316987968e-05,1.0439766805534975e-05,7.346735694967015e-05,0.0,Germany,DEU,baden-wurttemberg,,,Linux-7.0.0-31-generic-x86_64-with-glibc2.43,3.14.4,3.3.0,24,Intel(R) Core(TM) Ultra 9 285K,1,1 x NVIDIA GeForce RTX 5090,9.2986,48.7383,60.81614685058594,machine,0.0,0.0,0.0,0.0,N
rollout_17,2026-09-09T12:39:21,td3_HalfCheetah-v5_seed14577,39fbe670-adae-4439-9e35-1a80df6f449c,0.10934771699248813,1.3627835239460057e-06,1.2461950940157056e-05,30.82896646815174,76.50831593491971,20.0,1.061908071746387e-06,1.9069459702425462e-06,6.08475066676134e-07,3.577329108665067e-06,0.0,Germany,DEU,baden-wurttemberg,,,Linux-7.0.0-31-generic-x86_64-with-glibc2.43,3.14.4,3.3.0,24,Intel(R) Core(TM) Ultra 9 285K,1,1 x NVIDIA GeForce RTX 5090,9.2986,48.7383,60.81614685058594,machine,0.0,0.0,0.0,0.0,N
gradient_updates_17,2026-09-09T12:39:23,td3_HalfCheetah-v5_seed14577,39fbe670-adae-4439-9e35-1a80df6f449c,2.0231371949921595,2.9190281842574354e-05,1.4428281474745262e-05,30.860041740612697,76.81921746587685,20.0,1.558328218883437e-05,4.9803928731773084e-05,1.123775782220439e-05,7.662496874281206e-05,0.0,Germany,DEU,baden-wurttemberg,,,Linux-7.0.0-31-generic-x86_64-with-glibc2.43,3.14.4,3.3.0,24,Intel(R) Core(TM) Ultra 9 285K,1,1 x NVIDIA GeForce RTX 5090,9.2986,48.7383,60.81614685058594,machine,0.0,0.0,0.0,0.0,N
rollout_18,2026-09-09T12:39:23,td3_HalfCheetah-v5_seed14577,39fbe670-adae-4439-9e35-1a80df6f449c,0.11265593399002682,1.3809171937823397e-06,1.2256418312812795e-05,30.904466428189266,76.4685465238592,20.0,1.039003053419918e-06,1.961668236072356e-06,6.242590000005502e-07,3.624930289492824e-06,0.0,Germany,DEU,baden-wurttemberg,,,Linux-7.0.0-31-generic-x86_64-with-glibc2.43,3.14.4,3.3.0,24,Intel(R) Core(TM) Ultra 9 285K,1,1 x NVIDIA GeForce RTX 5090,9.2986,48.7383,60.81614685058594,machine,0.0,0.0,0.0,0.0,N
gradient_updates_18,2026-09-09T12:39:25,td3_HalfCheetah-v5_seed14577,39fbe670-adae-4439-9e35-1a80df6f449c,2.0478068640077254,2.979528685256947e-05,1.4549951037787023e-05,30.89169640642944,76.83949161846182,20.0,1.4728994838737741e-05,5.2115319470136257e-05,1.1368802511100965e-05,7.821311681997485e-05,0.0,Germany,DEU,baden-wurttemberg,,,Linux-7.0.0-31-generic-x86_64-with-glibc2.43,3.14.4,3.3.0,24,Intel(R) Core(TM) Ultra 9 285K,1,1 x NVIDIA GeForce RTX 5090,9.2986,48.7383,60.81614685058594,machine,0.0,0.0,0.0,0.0,N
rollout_19,2026-09-09T12:39:25,td3_HalfCheetah-v5_seed14577,39fbe670-adae-4439-9e35-1a80df6f449c,0.11123752000276,1.2663682438676747e-06,1.138494704435965e-05,30.772368365775243,76.47377774582972,20.0,8.14292318102039e-07,1.8941681818596123e-06,6.157769166747996e-07,3.3242374166365593e-06,0.0,Germany,DEU,baden-wurttemberg,,,Linux-7.0.0-31-generic-x86_64-with-glibc2.43,3.14.4,3.3.0,24,Intel(R) Core(TM) Ultra 9 285K,1,1 x NVIDIA GeForce RTX 5090,9.2986,48.7383,60.81614685058594,machine,0.0,0.0,0.0,0.0,N
gradient_updates_19,2026-09-09T12:39:27,td3_HalfCheetah-v5_seed14577,39fbe670-adae-4439-9e35-1a80df6f449c,1.8756741839897586,2.7096065025697174e-05,1.444607975661988e-05,30.685872720073693,76.74839862520285,20.0,1.4722331777856923e-05,4.598753678997092e-05,1.041774667222251e-05,7.112761524005013e-05,0.0,Germany,DEU,baden-wurttemberg,,,Linux-7.0.0-31-generic-x86_64-with-glibc2.43,3.14.4,3.3.0,24,Intel(R) Core(TM) Ultra 9 285K,1,1 x NVIDIA GeForce RTX 5090,9.2986,48.7383,60.81614685058594,machine,0.0,0.0,0.0,0.0,N
rollout_20,2026-09-09T12:39:27,td3_HalfCheetah-v5_seed14577,39fbe670-adae-4439-9e35-1a80df6f449c,0.11277576400607359,2.2812496262021153e-06,2.0228194878715077e-05,30.761597045043928,78.10731306325773,20.0,1.0879497592472531e-06,4.274725642128274e-06,6.256422943908251e-07,5.988317695766136e-06,0.0,Germany,DEU,baden-wurttemberg,,,Linux-7.0.0-31-generic-x86_64-with-glibc2.43,3.14.4,3.3.0,24,Intel(R) Core(TM) Ultra 9 285K,1,1 x NVIDIA GeForce RTX 5090,9.2986,48.7383,60.81614685058594,machine,0.0,0.0,0.0,0.0,N
gradient_updates_20,2026-09-09T12:39:29,td3_HalfCheetah-v5_seed14577,39fbe670-adae-4439-9e35-1a80df6f449c,1.8919532620056998,2.8360598153183512e-05,1.4990213918788328e-05,30.778684830733326,78.42972141429917,20.0,1.5279225834483046e-05,4.866031670602844e-05,1.0507492905566717e-05,7.444703544607842e-05,0.0,Germany,DEU,baden-wurttemberg,,,Linux-7.0.0-31-generic-x86_64-with-glibc2.43,3.14.4,3.3.0,24,Intel(R) Core(TM) Ultra 9 285K,1,1 x NVIDIA GeForce RTX 5090,9.2986,48.7383,60.81614685058594,machine,0.0,0.0,0.0,0.0,N
rollout_21,2026-09-09T12:39:29,td3_HalfCheetah-v5_seed14577,39fbe670-adae-4439-9e35-1a80df6f449c,0.11577071200008504,1.396226972515081e-06,1.2061691712728976e-05,30.85876556004781,78.03483459229693,20.0,1.1280125690807385e-06,1.9052793018836667e-06,6.318268388794427e-07,3.6651187098439564e-06,0.0,Germany,DEU,baden-wurttemberg,,,Linux-7.0.0-31-generic-x86_64-with-glibc2.43,3.14.4,3.3.0,24,Intel(R) Core(TM) Ultra 9 285K,1,1 x NVIDIA GeForce RTX 5090,9.2986,48.7383,60.81614685058594,machine,0.0,0.0,0.0,0.0,N
gradient_updates_21,2026-09-09T12:39:31,td3_HalfCheetah-v5_seed14577,39fbe670-adae-4439-9e35-1a80df6f449c,1.9399386510049226,2.8249120558794007e-05,1.456195104268713e-05,30.866724612463553,78.28101275214738,20.0,1.5105496528833307e-05,4.8274483064103535e-05,1.0774425338927886e-05,7.415440493186484e-05,0.0,Germany,DEU,baden-wurttemberg,,,Linux-7.0.0-31-generic-x86_64-with-glibc2.43,3.14.4,3.3.0,24,Intel(R) Core(TM) Ultra 9 285K,1,1 x NVIDIA GeForce RTX 5090,9.2986,48.7383,60.81614685058594,machine,0.0,0.0,0.0,0.0,N
rollout_22,2026-09-09T12:39:31,td3_HalfCheetah-v5_seed14577,39fbe670-adae-4439-9e35-1a80df6f449c,0.11093708498810884,1.4905547813721422e-06,1.3434465994526687e-05,30.925544408080345,78.17197985477306,20.0,1.0552113997308599e-06,2.2436129059055787e-06,6.139064500328747e-07,3.912730755669096e-06,0.0,Germany,DEU,baden-wurttemberg,,,Linux-7.0.0-31-generic-x86_64-with-glibc2.43,3.14.4,3.3.0,24,Intel(R) Core(TM) Ultra 9 285K,1,1 x NVIDIA GeForce RTX 5090,9.2986,48.7383,60.81614685058594,machine,0.0,0.0,0.0,0.0,N
gradient_updates_22,2026-09-09T12:39:33,td3_HalfCheetah-v5_seed14577,39fbe670-adae-4439-9e35-1a80df6f449c,2.167045787005918,3.109421254781459e-05,1.434871687933028e-05,30.933825211712904,78.39257700312238,20.0,1.6034992272428994e-05,5.355170950815946e-05,1.2036116300037625e-05,8.162281808062619e-05,0.0,Germany,DEU,baden-wurttemberg,,,Linux-7.0.0-31-generic-x86_64-with-glibc2.43,3.14.4,3.3.0,24,Intel(R) Core(TM) Ultra 9 285K,1,1 x NVIDIA GeForce RTX 5090,9.2986,48.7383,60.81614685058594,machine,0.0,0.0,0.0,0.0,N
rollout_23,2026-09-09T12:39:33,td3_HalfCheetah-v5_seed14577,39fbe670-adae-4439-9e35-1a80df6f449c,0.11280841399275232,1.4619783879317796e-06,1.296044662237513e-05,30.982723075566057,78.22271682225832,20.0,1.0626030723034918e-06,2.158057281764769e-06,6.170568999853314e-07,3.837717254053484e-06,0.0,Germany,DEU,baden-wurttemberg,,,Linux-7.0.0-31-generic-x86_64-with-glibc2.43,3.14.4,3.3.0,24,Intel(R) Core(TM) Ultra 9 285K,1,1 x NVIDIA GeForce RTX 5090,9.2986,48.7383,60.81614685058594,machine,0.0,0.0,0.0,0.0,N
gradient_updates_23,2026-09-09T12:39:36,td3_HalfCheetah-v5_seed14577,39fbe670-adae-4439-9e35-1a80df6f449c,2.169090283990954,3.135857289606088e-05,1.4457072625325862e-05,30.987943456918895,78.4463240815763,20.0,1.6276759132509422e-05,5.399226541613622e-05,1.2047743783316243e-05,8.231676833196167e-05,0.0,Germany,DEU,baden-wurttemberg,,,Linux-7.0.0-31-generic-x86_64-with-glibc2.43,3.14.4,3.3.0,24,Intel(R) Core(TM) Ultra 9 285K,1,1 x NVIDIA GeForce RTX 5090,9.2986,48.7383,60.81614685058594,machine,0.0,0.0,0.0,0.0,N
rollout_24,2026-09-09T12:39:36,td3_HalfCheetah-v5_seed14577,39fbe670-adae-4439-9e35-1a80df6f449c,0.11005658299836796,1.3810621412896785e-06,1.2547892028912579e-05,31.025422688014814,78.19215131004015,20.0,1.0255413759943655e-06,1.9900015919560587e-06,6.097678111271175e-07,3.6253107790775417e-06,0.0,Germany,DEU,baden-wurttemberg,,,Linux-7.0.0-31-generic-x86_64-with-glibc2.43,3.14.4,3.3.0,24,Intel(R) Core(TM) Ultra 9 285K,1,1 x NVIDIA GeForce RTX 5090,9.2986,48.7383,60.81614685058594,machine,0.0,0.0,0.0,0.0,N
gradient_updates_24,2026-09-09T12:39:38,td3_HalfCheetah-v5_seed14577,39fbe670-adae-4439-9e35-1a80df6f449c,2.206582154991338,3.105767260820321e-05,1.4075128438380179e-05,31.01159309247963,78.37742047567997,20.0,1.53391081046117e-05,5.393254314611795e-05,1.2255248888929293e-05,8.152690013965916e-05,0.0,Germany,DEU,baden-wurttemberg,,,Linux-7.0.0-31-generic-x86_64-with-glibc2.43,3.14.4,3.3.0,24,Intel(R) Core(TM) Ultra 9 285K,1,1 x NVIDIA GeForce RTX 5090,9.2986,48.7383,60.81614685058594,machine,0.0,0.0,0.0,0.0,N
rollout_25,2026-09-09T12:39:38,td3_HalfCheetah-v5_seed14577,39fbe670-adae-4439-9e35-1a80df6f449c,0.11761151600512676,1.4036652074328384e-06,1.193649998324229e-05,30.954815208493784,78.12133962008137,20.0,9.290382432317057e-07,2.1041683497813324e-06,6.5143760552425e-07,3.684644198537288e-06,0.0,Germany,DEU,baden-wurttemberg,,,Linux-7.0.0-31-generic-x86_64-with-glibc2.43,3.14.4,3.3.0,24,Intel(R) Core(TM) Ultra 9 285K,1,1 x NVIDIA GeForce RTX 5090,9.2986,48.7383,60.81614685058594,machine,0.0,0.0,0.0,0.0,N
gradient_updates_25,2026-09-09T12:39:40,td3_HalfCheetah-v5_seed14577,39fbe670-adae-4439-9e35-1a80df6f449c,2.171443070998066,3.13144456044424e-05,1.4421068336124267e-05,30.894579597980435,78.32348692904112,20.0,1.6321806112995496e-05,5.3818098610047826e-05,1.2061028744453058e-05,8.220093346749573e-05,0.0,Germany,DEU,baden-wurttemberg,,,Linux-7.0.0-31-generic-x86_64-with-glibc2.43,3.14.4,3.3.0,24,Intel(R) Core(TM) Ultra 9 285K,1,1 x NVIDIA GeForce RTX 5090,9.2986,48.7383,60.81614685058594,machine,0.0,0.0,0.0,0.0,N
rollout_26,2026-09-09T12:39:40,td3_HalfCheetah-v5_seed14577,39fbe670-adae-4439-9e35-1a80df6f449c,0.10780033300397918,1.4438338770635974e-06,1.3392187178110625e-05,30.936891745432188,78.22523809325983,20.0,1.0152672010946273e-06,2.1772239642281477e-06,5.975964500167311e-07,3.790087615339506e-06,0.0,Germany,DEU,baden-wurttemberg,,,Linux-7.0.0-31-generic-x86_64-with-glibc2.43,3.14.4,3.3.0,24,Intel(R) Core(TM) Ultra 9 285K,1,1 x NVIDIA GeForce RTX 5090,9.2986,48.7383,60.81614685058594,machine,0.0,0.0,0.0,0.0,N
gradient_updates_26,2026-09-09T12:39:42,td3_HalfCheetah-v5_seed14577,39fbe670-adae-4439-9e35-1a80df6f449c,2.1740399199916283,3.1191964789687235e-05,1.4347608968930848e-05,30.93632357342013,78.42083425935954,20.0,1.582989766391041e-05,5.397226539982647e-05,1.2077256255563196e-05,8.187941931929975e-05,0.0,Germany,DEU,baden-wurttemberg,,,Linux-7.0.0-31-generic-x86_64-with-glibc2.43,3.14.4,3.3.0,24,Intel(R) Core(TM) Ultra 9 285K,1,1 x NVIDIA GeForce RTX 5090,9.2986,48.7383,60.81614685058594,machine,0.0,0.0,0.0,0.0,N
rollout_27,2026-09-09T12:39:43,td3_HalfCheetah-v5_seed14577,39fbe670-adae-4439-9e35-1a80df6f449c,0.11009359601303004,1.2942144789456628e-06,1.175572077182262e-05,30.852351636156186,78.18403640477503,20.0,8.116984271319683e-07,1.9752793578575734e-06,6.103564555814782e-07,3.3973342405714535e-06,0.0,Germany,DEU,baden-wurttemberg,,,Linux-7.0.0-31-generic-x86_64-with-glibc2.43,3.14.4,3.3.0,24,Intel(R) Core(TM) Ultra 9 285K,1,1 x NVIDIA GeForce RTX 5090,9.2986,48.7383,60.81614685058594,machine,0.0,0.0,0.0,0.0,N
gradient_updates_27,2026-09-09T12:39:45,td3_HalfCheetah-v5_seed14577,39fbe670-adae-4439-9e35-1a80df6f449c,2.1597388310037786,3.122418081003345e-05,1.44574389205206e-05,30.773913576886436,78.38539562399691,20.0,1.5938336639549633e-05,5.40283765562144e-05,1.1997273705492218e-05,8.196398690125603e-05,0.0,Germany,DEU,baden-wurttemberg,,,Linux-7.0.0-31-generic-x86_64-with-glibc2.43,3.14.4,3.3.0,24,Intel(R) Core(TM) Ultra 9 285K,1,1 x NVIDIA GeForce RTX 5090,9.2986,48.7383,60.81614685058594,machine,0.0,0.0,0.0,0.0,N
rollout_28,2026-09-09T12:39:45,td3_HalfCheetah-v5_seed14577,39fbe670-adae-4439-9e35-1a80df6f449c,0.1065836959896842,1.3187998365218195e-06,1.237270909283032e-05,30.80096328197372,78.14556016321727,20.0,9.775271709103195e-07,1.8930570699904337e-06,5.912869666644966e-07,3.461871207565033e-06,0.0,Germany,DEU,baden-wurttemberg,,,Linux-7.0.0-31-generic-x86_64-with-glibc2.43,3.14.4,3.3.0,24,Intel(R) Core(TM) Ultra 9 285K,1,1 x NVIDIA GeForce RTX 5090,9.2986,48.7383,60.81614685058594,machine,0.0,0.0,0.0,0.0,N
gradient_updates_28,2026-09-09T12:39:47,td3_HalfCheetah-v5_seed14577,39fbe670-adae-4439-9e35-1a80df6f449c,2.2046847109886585,3.049931602644028e-05,1.3833956228967105e-05,30.775646785024254,78.30296520133311,20.0,1.4083803489259306e-05,5.373115409601503e-05,1.2246247366662572e-05,8.006120495193669e-05,0.0,Germany,DEU,baden-wurttemberg,,,Linux-7.0.0-31-generic-x86_64-with-glibc2.43,3.14.4,3.3.0,24,Intel(R) Core(TM) Ultra 9 285K,1,1 x NVIDIA GeForce RTX 5090,9.2986,48.7383,60.81614685058594,machine,0.0,0.0,0.0,0.0,N
rollout_29,2026-09-09T12:39:47,td3_HalfCheetah-v5_seed14577,39fbe670-adae-4439-9e35-1a80df6f449c,0.10905292400275357,1.3260104829377131e-06,1.2158592520479751e-05,30.702458877951802,78.14100674218909,20.0,8.097317588939834e-07,2.0661127637655596e-06,6.049547500475453e-07,3.480799272707197e-06,0.0,Germany,DEU,baden-wurttemberg,,,Linux-7.0.0-31-generic-x86_64-with-glibc2.43,3.14.4,3.3.0,24,Intel(R) Core(TM) Ultra 9 285K,1,1 x NVIDIA GeForce RTX 5090,9.2986,48.7383,60.81614685058594,machine,0.0,0.0,0.0,0.0,N
gradient_updates_29,2026-09-09T12:39:49,td3_HalfCheetah-v5_seed14577,39fbe670-adae-4439-9e35-1a80df6f449c,1.8944983789988328,2.794798962929058e-05,1.4752230843531086e-05,30.639303367445095,78.36274785001423,20.0,1.434167675111453e-05,4.849337212808891e-05,1.0528882422254832e-05,7.33639313014586e-05,0.0,Germany,DEU,baden-wurttemberg,,,Linux-7.0.0-31-generic-x86_64-with-glibc2.43,3.14.4,3.3.0,24,Intel(R) Core(TM) Ultra 9 285K,1,1 x NVIDIA GeForce RTX 5090,9.2986,48.7383,60.81614685058594,machine,0.0,0.0,0.0,0.0,N
rollout_30,2026-09-09T12:39:49,td3_HalfCheetah-v5_seed14577,39fbe670-adae-4439-9e35-1a80df6f449c,0.10943475700332783,1.3992774419966953e-06,1.278401978163726e-05,30.692122020066996,78.17449329514703,20.0,1.0545161213890153e-06,2.0122238320041674e-06,6.063862888873797e-07,3.6731262422805624e-06,0.0,Germany,DEU,baden-wurttemberg,,,Linux-7.0.0-31-generic-x86_64-with-glibc2.43,3.14.4,3.3.0,24,Intel(R) Core(TM) Ultra 9 285K,1,1 x NVIDIA GeForce RTX 5090,9.2986,48.7383,60.81614685058594,machine,0.0,0.0,0.0,0.0,N
gradient_updates_30,2026-09-09T12:39:51,td3_HalfCheetah-v5_seed14577,39fbe670-adae-4439-9e35-1a80df6f449c,1.921849944992573,2.8033201116521448e-05,1.4586716827918316e-05,30.68684796227346,78.37440815969067,20.0,1.4256837794345001e-05,4.865726114799962e-05,1.0673513911105075e-05,7.358761285344937e-05,0.0,Germany,DEU,baden-wurttemberg,,,Linux-7.0.0-31-generic-x86_64-with-glibc2.43,3.14.4,3.3.0,24,Intel(R) Core(TM) Ultra 9 285K,1,1 x NVIDIA GeForce RTX 5090,9.2986,48.7383,60.81614685058594,machine,0.0,0.0,0.0,0.0,N
rollout_31,2026-09-09T12:39:51,td3_HalfCheetah-v5_seed14577,39fbe670-adae-4439-9e35-1a80df6f449c,0.11752622600761242,1.5235277503423614e-06,1.2964434319475426e-05,30.66977268620372,78.28807988779087,20.0,9.822066190934287e-07,2.366390782215788e-06,6.506879388730111e-07,3.999285340182228e-06,0.0,Germany,DEU,baden-wurttemberg,,,Linux-7.0.0-31-generic-x86_64-with-glibc2.43,3.14.4,3.3.0,24,Intel(R) Core(TM) Ultra 9 285K,1,1 x NVIDIA GeForce RTX 5090,9.2986,48.7383,60.81614685058594,machine,0.0,0.0,0.0,0.0,N
gradient_updates_31,2026-09-09T12:39:53,td3_HalfCheetah-v5_seed14577,39fbe670-adae-4439-9e35-1a80df6f449c,1.8914902240067022,2.8210269713327494e-05,1.491429487670638e-05,30.645895186697395,78.49780246547871,20.0,1.5032966470804321e-05,4.851253880988615e-05,1.0506915544424857e-05,7.4052420825115e-05,0.0,Germany,DEU,baden-wurttemberg,,,Linux-7.0.0-31-generic-x86_64-with-glibc2.43,3.14.4,3.3.0,24,Intel(R) Core(TM) Ultra 9 285K,1,1 x NVIDIA GeForce RTX 5090,9.2986,48.7383,60.81614685058594,machine,0.0,0.0,0.0,0.0,N
rollout_32,2026-09-09T12:39:53,td3_HalfCheetah-v5_seed14577,39fbe670-adae-4439-9e35-1a80df6f449c,0.10592253900540527,1.5594920328291292e-06,1.4722459710490626e-05,30.699351905441485,78.58341033035994,20.0,1.0282202670131024e-06,2.478057538057854e-06,5.874143666814019e-07,4.093692171752358e-06,0.0,Germany,DEU,baden-wurttemberg,,,Linux-7.0.0-31-generic-x86_64-with-glibc2.43,3.14.4,3.3.0,24,Intel(R) Core(TM) Ultra 9 285K,1,1 x NVIDIA GeForce RTX 5090,9.2986,48.7383,60.81614685058594,machine,0.0,0.0,0.0,0.0,N
gradient_updates_32,2026-09-09T12:39:55,td3_HalfCheetah-v5_seed14577,39fbe670-adae-4439-9e35-1a80df6f449c,1.897682791997795,2.8149173352497604e-05,1.4833516585057295e-05,30.70868670678497,78.77436521916556,20.0,1.498951282493527e-05,4.8361983133959896e-05,1.054054591667305e-05,7.3892041875568e-05,0.0,Germany,DEU,baden-wurttemberg,,,Linux-7.0.0-31-generic-x86_64-with-glibc2.43,3.14.4,3.3.0,24,Intel(R) Core(TM) Ultra 9 285K,1,1 x NVIDIA GeForce RTX 5090,9.2986,48.7383,60.81614685058594,machine,0.0,0.0,0.0,0.0,N
rollout_33,2026-09-09T12:39:55,td3_HalfCheetah-v5_seed14577,39fbe670-adae-4439-9e35-1a80df6f449c,0.10582665899710264,2.248360054284181e-06,2.1245585438248532e-05,30.75261975238473,79.74379140574933,20.0,1.0123849765730775e-06,4.3030589977899325e-06,5.865380555203966e-07,5.901982029883623e-06,0.0,Germany,DEU,baden-wurttemberg,,,Linux-7.0.0-31-generic-x86_64-with-glibc2.43,3.14.4,3.3.0,24,Intel(R) Core(TM) Ultra 9 285K,1,1 x NVIDIA GeForce RTX 5090,9.2986,48.7383,60.81614685058594,machine,0.0,0.0,0.0,0.0,N
gradient_updates_33,2026-09-09T12:39:57,td3_HalfCheetah-v5_seed14577,39fbe670-adae-4439-9e35-1a80df6f449c,1.8881130189984106,2.7382298875403216e-05,1.4502578693285021e-05,30.757032806150285,79.86986772698435,20.0,1.4883210239888256e-05,4.6508926096144876e-05,1.0486847455548642e-05,7.18789837915821e-05,0.0,Germany,DEU,baden-wurttemberg,,,Linux-7.0.0-31-generic-x86_64-with-glibc2.43,3.14.4,3.3.0,24,Intel(R) Core(TM) Ultra 9 285K,1,1 x NVIDIA GeForce RTX 5090,9.2986,48.7383,60.81614685058594,machine,0.0,0.0,0.0,0.0,N
rollout_34,2026-09-09T12:39:57,td3_HalfCheetah-v5_seed14577,39fbe670-adae-4439-9e35-1a80df6f449c,0.10684925100940745,2.257836864625641e-06,2.112852977827243e-05,30.80076161924854,80.78177307977997,20.0,1.02521915350956e-06,4.3097256701152276e-06,5.919139888848832e-07,5.926858812509671e-06,0.0,Germany,DEU,baden-wurttemberg,,,Linux-7.0.0-31-generic-x86_64-with-glibc2.43,3.14.4,3.3.0,24,Intel(R) Core(TM) Ultra 9 285K,1,1 x NVIDIA GeForce RTX 5090,9.2986,48.7383,60.81614685058594,machine,0.0,0.0,0.0,0.0,N
gradient_updates_34,2026-09-09T12:39:59,td3_HalfCheetah-v5_seed14577,39fbe670-adae-4439-9e35-1a80df6f449c,1.912672335995012,2.7912934587052008e-05,1.4593817960933206e-05,30.789749678885542,80.93286838928921,20.0,1.3875114711195402e-05,4.877281679593892e-05,1.0623979733322326e-05,7.327191124045698e-05,0.0,Germany,DEU,baden-wurttemberg,,,Linux-7.0.0-31-generic-x86_64-with-glibc2.43,3.14.4,3.3.0,24,Intel(R) Core(TM) Ultra 9 285K,1,1 x NVIDIA GeForce RTX 5090,9.2986,48.7383,60.81614685058594,machine,0.0,0.0,0.0,0.0,N
rollout_35,2026-09-09T12:39:59,td3_HalfCheetah-v5_seed14577,39fbe670-adae-4439-9e35-1a80df6f449c,0.11024068700498901,1.2616631789865666e-06,1.1444209284283369e-05,30.733474199743366,80.65030922379701,20.0,8.387909488163925e-07,1.8552792619974667e-06,6.178163333162229e-07,3.3118865441304074e-06,0.0,Germany,DEU,baden-wurttemberg,,,Linux-7.0.0-31-generic-x86_64-with-glibc2.43,3.14.4,3.3.0,24,Intel(R) Core(TM) Ultra 9 285K,1,1 x NVIDIA GeForce RTX 5090,9.2986,48.7383,60.81614685058594,machine,0.0,0.0,0.0,0.0,N
gradient_updates_35,2026-09-09T12:40:01,td3_HalfCheetah-v5_seed14577,39fbe670-adae-4439-9e35-1a80df6f449c,1.9536170070059597,2.765967125264719e-05,1.415804197527822e-05,30.6656672854743,80.76320044189886,20.0,1.340231349962473e-05,4.8353649793941855e-05,1.0851127538949652e-05,7.260709083251656e-05,0.0,Germany,DEU,baden-wurttemberg,,,Linux-7.0.0-31-generic-x86_64-with-glibc2.43,3.14.4,3.3.0,24,Intel(R) Core(TM) Ultra 9 285K,1,1 x NVIDIA GeForce RTX 5090,9.2986,48.7383,60.81614685058594,machine,0.0,0.0,0.0,0.0,N
rollout_36,2026-09-09T12:40:01,td3_HalfCheetah-v5_seed14577,39fbe670-adae-4439-9e35-1a80df6f449c,0.11114065699803177,2.219805755371198e-06,1.9970754099417073e-05,30.601917886166472,81.58866678124375,20.0,8.119187050945054e-07,4.401947966137243e-06,6.131598555334352e-07,5.827026526765075e-06,0.0,Germany,DEU,baden-wurttemberg,,,Linux-7.0.0-31-generic-x86_64-with-glibc2.43,3.14.4,3.3.0,24,Intel(R) Core(TM) Ultra 9 285K,1,1 x NVIDIA GeForce RTX 5090,9.2986,48.7383,60.81614685058594,machine,0.0,0.0,0.0,0.0,N
gradient_updates_36,2026-09-09T12:40:03,td3_HalfCheetah-v5_seed14577,39fbe670-adae-4439-9e35-1a80df6f449c,1.877500617003534,2.720611498187634e-05,1.4490674397412616e-05,30.55131744331601,81.68947325014678,20.0,1.4405220968613519e-05,4.6584481711908765e-05,1.0426795500016999e-05,7.141649818053885e-05,0.0,Germany,DEU,baden-wurttemberg,,,Linux-7.0.0-31-generic-x86_64-with-glibc2.43,3.14.4,3.3.0,24,Intel(R) Core(TM) Ultra 9 285K,1,1 x NVIDIA GeForce RTX 5090,9.2986,48.7383,60.81614685058594,machine,0.0,0.0,0.0,0.0,N
rollout_37,2026-09-09T12:40:03,td3_HalfCheetah-v5_seed14577,39fbe670-adae-4439-9e35-1a80df6f449c,0.10982632100058254,1.5305178158514163e-06,1.393531584733737e-05,30.53101157899501,81.69719940270865,20.0,9.000804422829023e-07,2.5083353401011976e-06,6.092185944402313e-07,4.017634376824765e-06,0.0,Germany,DEU,baden-wurttemberg,,,Linux-7.0.0-31-generic-x86_64-with-glibc2.43,3.14.4,3.3.0,24,Intel(R) Core(TM) Ultra 9 285K,1,1 x NVIDIA GeForce RTX 5090,9.2986,48.7383,60.81614685058594,machine,0.0,0.0,0.0,0.0,N
gradient_updates_37,2026-09-09T12:40:05,td3_HalfCheetah-v5_seed14577,39fbe670-adae-4439-9e35-1a80df6f449c,1.8651968839985784,2.775685728874421e-05,1.488151176620438e-05,30.497929450061953,81.85042480738572,20.0,1.3935488648385286e-05,4.85711499678132e-05,1.0355567155541693e-05,7.286220577173985e-05,0.0,Germany,DEU,baden-wurttemberg,,,Linux-7.0.0-31-generic-x86_64-with-glibc2.43,3.14.4,3.3.0,24,Intel(R) Core(TM) Ultra 9 285K,1,1 x NVIDIA GeForce RTX 5090,9.2986,48.7383,60.81614685058594,machine,0.0,0.0,0.0,0.0,N
rollout_38,2026-09-09T12:40:05,td3_HalfCheetah-v5_seed14577,39fbe670-adae-4439-9e35-1a80df6f449c,0.111578534997534,1.4736548868050404e-06,1.3204788751092514e-05,30.456915522790336,81.79202903350105,20.0,8.590512427936181e-07,2.390279690178687e-06,6.190373221923087e-07,3.868368255164831e-06,0.0,Germany,DEU,baden-wurttemberg,,,Linux-7.0.0-31-generic-x86_64-with-glibc2.43,3.14.4,3.3.0,24,Intel(R) Core(TM) Ultra 9 285K,1,1 x NVIDIA GeForce RTX 5090,9.2986,48.7383,60.81614685058594,machine,0.0,0.0,0.0,0.0,N
gradient_updates_38,2026-09-09T12:40:07,td3_HalfCheetah-v5_seed14577,39fbe670-adae-4439-9e35-1a80df6f449c,1.8878090959915426,2.7674747561023602e-05,1.465978531014925e-05,30.410211683882494,81.92284710553125,20.0,1.3717593196287126e-05,4.844281653193505e-05,1.0486256661129613e-05,7.264666638935168e-05,0.0,Germany,DEU,baden-wurttemberg,,,Linux-7.0.0-31-generic-x86_64-with-glibc2.43,3.14.4,3.3.0,24,Intel(R) Core(TM) Ultra 9 285K,1,1 x NVIDIA GeForce RTX 5090,9.2986,48.7383,60.81614685058594,machine,0.0,0.0,0.0,0.0,N
rollout_39,2026-09-09T12:40:07,td3_HalfCheetah-v5_seed14577,39fbe670-adae-4439-9e35-1a80df6f449c,0.10898248900775798,1.4572004326572977e-06,1.336995069844248e-05,30.372127464609253,81.88286207803431,20.0,8.416562288782181e-07,2.3788907919097824e-06,6.046280222816091e-07,3.825175043069284e-06,0.0,Germany,DEU,baden-wurttemberg,,,Linux-7.0.0-31-generic-x86_64-with-glibc2.43,3.14.4,3.3.0,24,Intel(R) Core(TM) Ultra 9 285K,1,1 x NVIDIA GeForce RTX 5090,9.2986,48.7383,60.81614685058594,machine,0.0,0.0,0.0,0.0,N
gradient_updates_39,2026-09-09T12:40:09,td3_HalfCheetah-v5_seed14577,39fbe670-adae-4439-9e35-1a80df6f449c,1.8832308010023553,2.7543246856604267e-05,1.4625593220019798e-05,30.32365544837897,82.01293050479423,20.0,1.3318102043365088e-05,4.851448325604579e-05,1.0468889583393733e-05,7.23014748828044e-05,0.0,Germany,DEU,baden-wurttemberg,,,Linux-7.0.0-31-generic-x86_64-with-glibc2.43,3.14.4,3.3.0,24,Intel(R) Core(TM) Ultra 9 285K,1,1 x NVIDIA GeForce RTX 5090,9.2986,48.7383,60.81614685058594,machine,0.0,0.0,0.0,0.0,N
rollout_40,2026-09-09T12:40:09,td3_HalfCheetah-v5_seed14577,39fbe670-adae-4439-9e35-1a80df6f449c,0.11225042201112956,1.4796520663750475e-06,1.3182035331395473e-05,30.290209266831774,81.95374213835116,20.0,8.723434756566228e-07,2.391390802047866e-06,6.203766722237981e-07,3.88411094992807e-06,0.0,Germany,DEU,baden-wurttemberg,,,Linux-7.0.0-31-generic-x86_64-with-glibc2.43,3.14.4,3.3.0,24,Intel(R) Core(TM) Ultra 9 285K,1,1 x NVIDIA GeForce RTX 5090,9.2986,48.7383,60.81614685058594,machine,0.0,0.0,0.0,0.0,N
gradient_updates_40,2026-09-09T12:40:11,td3_HalfCheetah-v5_seed14577,39fbe670-adae-4439-9e35-1a80df6f449c,1.8631047480012057,2.8330719611052192e-05,1.5206231515180202e-05,30.267313261900338,82.10154067417596,20.0,1.511495681418007e-05,4.8905594679737874e-05,1.0348052288867982e-05,7.436860378278592e-05,0.0,Germany,DEU,baden-wurttemberg,,,Linux-7.0.0-31-generic-x86_64-with-glibc2.43,3.14.4,3.3.0,24,Intel(R) Core(TM) Ultra 9 285K,1,1 x NVIDIA GeForce RTX 5090,9.2986,48.7383,60.81614685058594,machine,0.0,0.0,0.0,0.0,N
rollout_41,2026-09-09T12:40:11,td3_HalfCheetah-v5_seed14577,39fbe670-adae-4439-9e35-1a80df6f449c,0.110493721003877,1.5006866931829843e-06,1.358213763686612e-05,30.320957347575924,81.99703319145596,20.0,1.091255595227214e-06,2.2366684562236117e-06,6.114031389490605e-07,3.93932719040032e-06,0.0,Germany,DEU,baden-wurttemberg,,,Linux-7.0.0-31-generic-x86_64-with-glibc2.43,3.14.4,3.3.0,24,Intel(R) Core(TM) Ultra 9 285K,1,1 x NVIDIA GeForce RTX 5090,9.2986,48.7383,60.81614685058594,machine,0.0,0.0,0.0,0.0,N
gradient_updates_41,2026-09-09T12:40:13,td3_HalfCheetah-v5_seed14577,39fbe670-adae-4439-9e35-1a80df6f449c,1.871291746996576,2.821267739623926e-05,1.5076707374003815e-05,30.336247300860126,82.1344712925882,20.0,1.479838822759233e-05,4.886003908799452e-05,1.0400313716672901e-05,7.405874103225997e-05,0.0,Germany,DEU,baden-wurttemberg,,,Linux-7.0.0-31-generic-x86_64-with-glibc2.43,3.14.4,3.3.0,24,Intel(R) Core(TM) Ultra 9 285K,1,1 x NVIDIA GeForce RTX 5090,9.2986,48.7383,60.81614685058594,machine,0.0,0.0,0.0,0.0,N
rollout_42,2026-09-09T12:40:13,td3_HalfCheetah-v5_seed14577,39fbe670-adae-4439-9e35-1a80df6f449c,0.1071032370091416,1.3880300256010995e-06,1.2958460272401356e-05,30.364985429901825,81.98669945972769,20.0,9.95871630028733e-07,2.0538905318723266e-06,5.938394278118871e-07,3.6436015897131635e-06,0.0,Germany,DEU,baden-wurttemberg,,,Linux-7.0.0-31-generic-x86_64-with-glibc2.43,3.14.4,3.3.0,24,Intel(R) Core(TM) Ultra 9 285K,1,1 x NVIDIA GeForce RTX 5090,9.2986,48.7383,60.81614685058594,machine,0.0,0.0,0.0,0.0,N
gradient_updates_42,2026-09-09T12:40:15,td3_HalfCheetah-v5_seed14577,39fbe670-adae-4439-9e35-1a80df6f449c,1.8768155719881179,2.8081522451454174e-05,1.4962377820076506e-05,30.36326587345054,82.1200065557945,20.0,1.4382671783906564e-05,4.8909483572057155e-05,1.0422301794460465e-05,7.371445715042418e-05,0.0,Germany,DEU,baden-wurttemberg,,,Linux-7.0.0-31-generic-x86_64-with-glibc2.43,3.14.4,3.3.0,24,Intel(R) Core(TM) Ultra 9 285K,1,1 x NVIDIA GeForce RTX 5090,9.2986,48.7383,60.81614685058594,machine,0.0,0.0,0.0,0.0,N
rollout_43,2026-09-09T12:40:15,td3_HalfCheetah-v5_seed14577,39fbe670-adae-4439-9e35-1a80df6f449c,0.10668083999189548,1.4068459618680682e-06,1.318738621168951e-05,30.395844988448733,81.99428553358203,20.0,1.0055355266422317e-06,2.0958350099853362e-06,5.916231944865565e-07,3.6929937311143413e-06,0.0,Germany,DEU,baden-wurttemberg,,,Linux-7.0.0-31-generic-x86_64-with-glibc2.43,3.14.4,3.3.0,24,Intel(R) Core(TM) Ultra 9 285K,1,1 x NVIDIA GeForce RTX 5090,9.2986,48.7383,60.81614685058594,machine,0.0,0.0,0.0,0.0,N
gradient_updates_43,2026-09-09T12:40:17,td3_HalfCheetah-v5_seed14577,39fbe670-adae-4439-9e35-1a80df6f449c,1.8919313060032437,2.8043311467441413e-05,1.4822702769438634e-05,30.39356390667151,82.11509922695298,20.0,1.4246767230739754e-05,4.885920575414815e-05,1.0508179705599795e-05,7.361415269048748e-05,0.0,Germany,DEU,baden-wurttemberg,,,Linux-7.0.0-31-generic-x86_64-with-glibc2.43,3.14.4,3.3.0,24,Intel(R) Core(TM) Ultra 9 285K,1,1 x NVIDIA GeForce RTX 5090,9.2986,48.7383,60.81614685058594,machine,0.0,0.0,0.0,0.0,N
rollout_44,2026-09-09T12:40:17,td3_HalfCheetah-v5_seed14577,39fbe670-adae-4439-9e35-1a80df6f449c,0.10662621899973601,1.3907357808984333e-06,1.3042023708820477e-05,30.417990683619813,81.98421739420746,20.0,9.85258288198343e-07,2.0738905479600334e-06,5.915554056022416e-07,3.650704241760401e-06,0.0,Germany,DEU,baden-wurttemberg,,,Linux-7.0.0-31-generic-x86_64-with-glibc2.43,3.14.4,3.3.0,24,Intel(R) Core(TM) Ultra 9 285K,1,1 x NVIDIA GeForce RTX 5090,9.2986,48.7383,60.81614685058594,machine,0.0,0.0,0.0,0.0,N
gradient_updates_44,2026-09-09T12:40:19,td3_HalfCheetah-v5_seed14577,39fbe670-adae-4439-9e35-1a80df6f449c,1.8876621020026505,2.773573953584324e-05,1.4693254618362887e-05,30.405594851161677,82.10213445117512,20.0,1.3589402815955554e-05,4.873226120793994e-05,1.0485107300014108e-05,7.280677132390917e-05,0.0,Germany,DEU,baden-wurttemberg,,,Linux-7.0.0-31-generic-x86_64-with-glibc2.43,3.14.4,3.3.0,24,Intel(R) Core(TM) Ultra 9 285K,1,1 x NVIDIA GeForce RTX 5090,9.2986,48.7383,60.81614685058594,machine,0.0,0.0,0.0,0.0,N
rollout_45,2026-09-09T12:40:19,td3_HalfCheetah-v5_seed14577,39fbe670-adae-4439-9e35-1a80df6f449c,0.1098615850060014,1.3547470319283557e-06,1.2330435721945577e-05,30.37945105868435,81.95372277447994,20.0,8.687323616585196e-07,2.078057218080076e-06,6.09443605531371e-07,3.55623318526975e-06,0.0,Germany,DEU,baden-wurttemberg,,,Linux-7.0.0-31-generic-x86_64-with-glibc2.43,3.14.4,3.3.0,24,Intel(R) Core(TM) Ultra 9 285K,1,1 x NVIDIA GeForce RTX 5090,9.2986,48.7383,60.81614685058594,machine,0.0,0.0,0.0,0.0,N
gradient_updates_45,2026-09-09T12:40:21,td3_HalfCheetah-v5_seed14577,39fbe670-adae-4439-9e35-1a80df6f449c,1.8825438260100782,2.8224482185175773e-05,1.499279031436584e-05,30.35503410933385,82.07626363599064,20.0,1.4747983742825765e-05,4.889420578191306e-05,1.0447539272152124e-05,7.408972879689116e-05,0.0,Germany,DEU,baden-wurttemberg,,,Linux-7.0.0-31-generic-x86_64-with-glibc2.43,3.14.4,3.3.0,24,Intel(R) Core(TM) Ultra 9 285K,1,1 x NVIDIA GeForce RTX 5090,9.2986,48.7383,60.81614685058594,machine,0.0,0.0,0.0,0.0,N
rollout_46,2026-09-09T12:40:21,td3_HalfCheetah-v5_seed14577,39fbe670-adae-4439-9e35-1a80df6f449c,0.10602978199312929,1.423863478681748e-06,1.3426296964542688e-05,30.39648721837975,81.97137487159885,20.0,1.0306105467094984e-06,2.1188905841018624e-06,5.881638611350982e-07,3.737664991946242e-06,0.0,Germany,DEU,baden-wurttemberg,,,Linux-7.0.0-31-generic-x86_64-with-glibc2.43,3.14.4,3.3.0,24,Intel(R) Core(TM) Ultra 9 285K,1,1 x NVIDIA GeForce RTX 5090,9.2986,48.7383,60.81614685058594,machine,0.0,0.0,0.0,0.0,N
gradient_updates_46,2026-09-09T12:40:23,td3_HalfCheetah-v5_seed14577,39fbe670-adae-4439-9e35-1a80df6f449c,1.8920271920069354,2.8074326036666743e-05,1.4838291251130637e-05,30.40035318778969,82.08510246088679,20.0,1.4314634785031477e-05,4.887170576406419e-05,1.0509225894444769e-05,7.369556644354087e-05,0.0,Germany,DEU,baden-wurttemberg,,,Linux-7.0.0-31-generic-x86_64-with-glibc2.43,3.14.4,3.3.0,24,Intel(R) Core(TM) Ultra 9 285K,1,1 x NVIDIA GeForce RTX 5090,9.2986,48.7383,60.81614685058594,machine,0.0,0.0,0.0,0.0,N
rollout_47,2026-09-09T12:40:23,td3_HalfCheetah-v5_seed14577,39fbe670-adae-4439-9e35-1a80df6f449c,0.1070663549908204,1.4068379337139718e-06,1.3140088580120589e-05,30.436606293063356,81.958726999825,20.0,1.0286611007090385e-06,2.070557211908408e-06,5.937543444613658e-07,3.6929726570785956e-06,0.0,Germany,DEU,baden-wurttemberg,,,Linux-7.0.0-31-generic-x86_64-with-glibc2.43,3.14.4,3.3.0,24,Intel(R) Core(TM) Ultra 9 285K,1,1 x NVIDIA GeForce RTX 5090,9.2986,48.7383,60.81614685058594,machine,0.0,0.0,0.0,0.0,N
gradient_updates_47,2026-09-09T12:40:25,td3_HalfCheetah-v5_seed14577,39fbe670-adae-4439-9e35-1a80df6f449c,1.881138764001662,2.8367832866061336e-05,1.5080260452386471e-05,30.445224058681006,82.07906015783378,20.0,1.4973796423470298e-05,4.9043650345970136e-05,1.0448579916636771e-05,7.446602668607742e-05,0.0,Germany,DEU,baden-wurttemberg,,,Linux-7.0.0-31-generic-x86_64-with-glibc2.43,3.14.4,3.3.0,24,Intel(R) Core(TM) Ultra 9 285K,1,1 x NVIDIA GeForce RTX 5090,9.2986,48.7383,60.81614685058594,machine,0.0,0.0,0.0,0.0,N
rollout_48,2026-09-09T12:40:25,td3_HalfCheetah-v5_seed14577,39fbe670-adae-4439-9e35-1a80df6f449c,0.10676962400611956,1.3475209001381945e-06,1.2619845348465867e-05,30.482197541348718,81.88594033426114,20.0,1.0472427822358354e-06,1.8886126218475852e-06,6.01409066681817e-07,3.5372644707652376e-06,0.0,Germany,DEU,baden-wurttemberg,,,Linux-7.0.0-31-generic-x86_64-with-glibc2.43,3.14.4,3.3.0,24,Intel(R) Core(TM) Ultra 9 285K,1,1 x NVIDIA GeForce RTX 5090,9.2986,48.7383,60.81614685058594,machine,0.0,0.0,0.0,0.0,N
gradient_updates_48,2026-09-09T12:40:27,td3_HalfCheetah-v5_seed14577,39fbe670-adae-4439-9e35-1a80df6f449c,1.8824913020071108,2.8441567498851007e-05,1.5108514549962837e-05,30.491709714956478,82.00606042565491,20.0,1.5046173703597843e-05,4.9156983769949036e-05,1.0456423833319402e-05,7.465958130686672e-05,0.0,Germany,DEU,baden-wurttemberg,,,Linux-7.0.0-31-generic-x86_64-with-glibc2.43,3.14.4,3.3.0,24,Intel(R) Core(TM) Ultra 9 285K,1,1 x NVIDIA GeForce RTX 5090,9.2986,48.7383,60.81614685058594,machine,0.0,0.0,0.0,0.0,N
rollout_49,2026-09-09T12:40:27,td3_HalfCheetah-v5_seed14577,39fbe670-adae-4439-9e35-1a80df6f449c,0.10645503099658526,1.3289423700180505e-06,1.24840907373409e-05,30.519019672343482,81.83146686866206,20.0,1.0024160797122983e-06,1.8958348502184919e-06,5.902445944633555e-07,3.4884955243943624e-06,0.0,Germany,DEU,baden-wurttemberg,,,Linux-7.0.0-31-generic-x86_64-with-glibc2.43,3.14.4,3.3.0,24,Intel(R) Core(TM) Ultra 9 285K,1,1 x NVIDIA GeForce RTX 5090,9.2986,48.7383,60.81614685058594,machine,0.0,0.0,0.0,0.0,N
gradient_updates_49,2026-09-09T12:40:29,td3_HalfCheetah-v5_seed14577,39fbe670-adae-4439-9e35-1a80df6f449c,1.8724816239991924,2.741988516232613e-05,1.4643723704746469e-05,30.522660697881236,81.90939265032894,20.0,1.4844859653653786e-05,4.6731981830028246e-05,1.040080692772693e-05,7.197764841140875e-05,0.0,Germany,DEU,baden-wurttemberg,,,Linux-7.0.0-31-generic-x86_64-with-glibc2.43,3.14.4,3.3.0,24,Intel(R) Core(TM) Ultra 9 285K,1,1 x NVIDIA GeForce RTX 5090,9.2986,48.7383,60.81614685058594,machine,0.0,0.0,0.0,0.0,N
rollout_50,2026-09-09T12:40:29,td3_HalfCheetah-v5_seed14577,39fbe670-adae-4439-9e35-1a80df6f449c,0.10920361199532636,1.4016258995924041e-06,1.2832450195018299e-05,30.56661344577067,81.75439386009553,20.0,1.0848133678506566e-06,1.9900015919560587e-06,6.044760221912519e-07,3.679290981998401e-06,0.0,Germany,DEU,baden-wurttemberg,,,Linux-7.0.0-31-generic-x86_64-with-glibc2.43,3.14.4,3.3.0,24,Intel(R) Core(TM) Ultra 9 285K,1,1 x NVIDIA GeForce RTX 5090,9.2986,48.7383,60.81614685058594,machine,0.0,0.0,0.0,0.0,N
gradient_updates_50,2026-09-09T12:40:31,td3_HalfCheetah-v5_seed14577,39fbe670-adae-4439-9e35-1a80df6f449c,1.913378992001526,2.896779496832768e-05,1.5139637143449783e-05,30.58518302108188,81.86271765676483,20.0,1.5929130521070978e-05,4.948503958779327e-05,1.062676693885196e-05,7.604093704771664e-05,0.0,Germany,DEU,baden-wurttemberg,,,Linux-7.0.0-31-generic-x86_64-with-glibc2.43,3.14.4,3.3.0,24,Intel(R) Core(TM) Ultra 9 285K,1,1 x NVIDIA GeForce RTX 5090,9.2986,48.7383,60.81614685058594,machine,0.0,0.0,0.0,0.0,N
rollout_51,2026-09-09T12:40:31,td3_HalfCheetah-v5_seed14577,39fbe670-adae-4439-9e35-1a80df6f449c,0.11245476199837867,1.4992425874356743e-06,1.3333074488257413e-05,30.641592224414456,81.74100493568186,20.0,1.1628362080393084e-06,2.1497239421908176e-06,6.229762388909772e-07,3.935536389121537e-06,0.0,Germany,DEU,baden-wurttemberg,,,Linux-7.0.0-31-generic-x86_64-with-glibc2.43,3.14.4,3.3.0,24,Intel(R) Core(TM) Ultra 9 285K,1,1 x NVIDIA GeForce RTX 5090,9.2986,48.7383,60.81614685058594,machine,0.0,0.0,0.0,0.0,N
gradient_updates_51,2026-09-09T12:40:33,td3_HalfCheetah-v5_seed14577,39fbe670-adae-4439-9e35-1a80df6f449c,1.8957384980021743,2.861756544185771e-05,1.50958224130357e-05,30.66288376186938,81.84954360352121,20.0,1.543350901346552e-05,4.915726154797184e-05,1.0530808233306802e-05,7.512157879474395e-05,0.0,Germany,DEU,baden-wurttemberg,,,Linux-7.0.0-31-generic-x86_64-with-glibc2.43,3.14.4,3.3.0,24,Intel(R) Core(TM) Ultra 9 285K,1,1 x NVIDIA GeForce RTX 5090,9.2986,48.7383,60.81614685058594,machine,0.0,0.0,0.0,0.0,N
rollout_52,2026-09-09T12:40:33,td3_HalfCheetah-v5_seed14577,39fbe670-adae-4439-9e35-1a80df6f449c,0.10839471100189257,1.4092648852391358e-06,1.3000195735727115e-05,30.69362902970062,81.71044365440338,20.0,1.0553130664683885e-06,2.035279405898649e-06,6.087509722824385e-07,3.699343444649693e-06,0.0,Germany,DEU,baden-wurttemberg,,,Linux-7.0.0-31-generic-x86_64-with-glibc2.43,3.14.4,3.3.0,24,Intel(R) Core(TM) Ultra 9 285K,1,1 x NVIDIA GeForce RTX 5090,9.2986,48.7383,60.81614685058594,machine,0.0,0.0,0.0,0.0,N
gradient_updates_52,2026-09-09T12:40:35,td3_HalfCheetah-v5_seed14577,39fbe670-adae-4439-9e35-1a80df6f449c,1.8821809049986769,2.841523096995275e-05,1.5097019651559305e-05,30.7001989640769,81.82150209134086,20.0,1.5092322907181432e-05,4.9043372568169374e-05,1.0454752011072573e-05,7.459044748642316e-05,0.0,Germany,DEU,baden-wurttemberg,,,Linux-7.0.0-31-generic-x86_64-with-glibc2.43,3.14.4,3.3.0,24,Intel(R) Core(TM) Ultra 9 285K,1,1 x NVIDIA GeForce RTX 5090,9.2986,48.7383,60.81614685058594,machine,0.0,0.0,0.0,0.0,N
rollout_53,2026-09-09T12:40:35,td3_HalfCheetah-v5_seed14577,39fbe670-adae-4439-9e35-1a80df6f449c,0.10648808900441509,1.4069318113115077e-06,1.3212090589274368e-05,30.74037308463054,81.70595464519549,20.0,1.0592972363304698e-06,2.043057189871078e-06,5.908646611109056e-07,3.6932190873124535e-06,0.0,Germany,DEU,baden-wurttemberg,,,Linux-7.0.0-31-generic-x86_64-with-glibc2.43,3.14.4,3.3.0,24,Intel(R) Core(TM) Ultra 9 285K,1,1 x NVIDIA GeForce RTX 5090,9.2986,48.7383,60.81614685058594,machine,0.0,0.0,0.0,0.0,N
gradient_updates_53,2026-09-09T12:40:37,td3_HalfCheetah-v5_seed14577,39fbe670-adae-4439-9e35-1a80df6f449c,1.8787541589990724,2.8412975312138138e-05,1.5123365058556691e-05,30.751192208586275,81.81804357945575,20.0,1.5026659521320818e-05,4.9123094854053306e-05,1.043477197227834e-05,7.458452634765203e-05,0.0,Germany,DEU,baden-wurttemberg,,,Linux-7.0.0-31-generic-x86_64-with-glibc2.43,3.14.4,3.3.0,24,Intel(R) Core(TM) Ultra 9 285K,1,1 x NVIDIA GeForce RTX 5090,9.2986,48.7383,60.81614685058594,machine,0.0,0.0,0.0,0.0,N
rollout_54,2026-09-09T12:40:37,td3_HalfCheetah-v5_seed14577,39fbe670-adae-4439-9e35-1a80df6f449c,0.10715786898799706,1.4297763544909511e-06,1.3340690657376517e-05,30.784097360568982,81.72217654835757,20.0,1.044513057830987e-06,2.114168357936208e-06,5.945049721858397e-07,3.7531863879532515e-06,0.0,Germany,DEU,baden-wurttemberg,,,Linux-7.0.0-31-generic-x86_64-with-glibc2.43,3.14.4,3.3.0,24,Intel(R) Core(TM) Ultra 9 285K,1,1 x NVIDIA GeForce RTX 5090,9.2986,48.7383,60.81614685058594,machine,0.0,0.0,0.0,0.0,N
gradient_updates_54,2026-09-09T12:40:39,td3_HalfCheetah-v5_seed14577,39fbe670-adae-4439-9e35-1a80df6f449c,1.8898675980017288,2.8376366639674012e-05,1.5015065570935711e-05,30.790325260820037,81.82498722005798,20.0,1.4997752553751187e-05,4.899337252806113e-05,1.0497302900007097e-05,7.448842798181941e-05,0.0,Germany,DEU,baden-wurttemberg,,,Linux-7.0.0-31-generic-x86_64-with-glibc2.43,3.14.4,3.3.0,24,Intel(R) Core(TM) Ultra 9 285K,1,1 x NVIDIA GeForce RTX 5090,9.2986,48.7383,60.81614685058594,machine,0.0,0.0,0.0,0.0,N
rollout_55,2026-09-09T12:40:39,td3_HalfCheetah-v5_seed14577,39fbe670-adae-4439-9e35-1a80df6f449c,0.10685433300386649,1.4187249952365803e-06,1.3276964037214015e-05,30.81629118327604,81.73152343182137,20.0,1.0208791500349035e-06,2.1105572440838216e-06,5.927399944793185e-07,3.7241763885982604e-06,0.0,Germany,DEU,baden-wurttemberg,,,Linux-7.0.0-31-generic-x86_64-with-glibc2.43,3.14.4,3.3.0,24,Intel(R) Core(TM) Ultra 9 285K,1,1 x NVIDIA GeForce RTX 5090,9.2986,48.7383,60.81614685058594,machine,0.0,0.0,0.0,0.0,N
gradient_updates_55,2026-09-09T12:40:41,td3_HalfCheetah-v5_seed14577,39fbe670-adae-4439-9e35-1a80df6f449c,1.8887764450046234,2.8394701510820516e-05,1.5033498319689705e-05,30.8196186491781,81.83303625342836,20.0,1.5045800925525543e-05,4.8999483643896724e-05,1.04912727499646e-05,7.453655731938687e-05,0.0,Germany,DEU,baden-wurttemberg,,,Linux-7.0.0-31-generic-x86_64-with-glibc2.43,3.14.4,3.3.0,24,Intel(R) Core(TM) Ultra 9 285K,1,1 x NVIDIA GeForce RTX 5090,9.2986,48.7383,60.81614685058594,machine,0.0,0.0,0.0,0.0,N
rollout_56,2026-09-09T12:40:41,td3_HalfCheetah-v5_seed14577,39fbe670-adae-4439-9e35-1a80df6f449c,0.10766556501039304,1.4034769345071599e-06,1.303584662782265e-05,30.837458351436005,81.73529178724634,20.0,1.0019074681913431e-06,2.089723894149742e-06,5.925186166778115e-07,3.6841499790191135e-06,0.0,Germany,DEU,baden-wurttemberg,,,Linux-7.0.0-31-generic-x86_64-with-glibc2.43,3.14.4,3.3.0,24,Intel(R) Core(TM) Ultra 9 285K,1,1 x NVIDIA GeForce RTX 5090,9.2986,48.7383,60.81614685058594,machine,0.0,0.0,0.0,0.0,N
gradient_updates_56,2026-09-09T12:40:43,td3_HalfCheetah-v5_seed14577,39fbe670-adae-4439-9e35-1a80df6f449c,1.8865002719976474,2.8277062837257696e-05,1.4989198223749704e-05,30.83556190406523,81.83405099414355,20.0,1.4868069949998397e-05,4.88808724379286e-05,1.0478811483335352e-05,7.422775387126278e-05,0.0,Germany,DEU,baden-wurttemberg,,,Linux-7.0.0-31-generic-x86_64-with-glibc2.43,3.14.4,3.3.0,24,Intel(R) Core(TM) Ultra 9 285K,1,1 x NVIDIA GeForce RTX 5090,9.2986,48.7383,60.81614685058594,machine,0.0,0.0,0.0,0.0,N
rollout_57,2026-09-09T12:40:43,td3_HalfCheetah-v5_seed14577,39fbe670-adae-4439-9e35-1a80df6f449c,0.10685459300293587,1.4120868618949615e-06,1.3214101388746319e-05,30.861020184540937,81.73772830628836,20.0,1.0235747077425028e-06,2.0902794497512645e-06,5.928970221752861e-07,3.7067511796688365e-06,0.0,Germany,DEU,baden-wurttemberg,,,Linux-7.0.0-31-generic-x86_64-with-glibc2.43,3.14.4,3.3.0,24,Intel(R) Core(TM) Ultra 9 285K,1,1 x NVIDIA GeForce RTX 5090,9.2986,48.7383,60.81614685058594,machine,0.0,0.0,0.0,0.0,N
gradient_updates_57,2026-09-09T12:40:45,td3_HalfCheetah-v5_seed14577,39fbe670-adae-4439-9e35-1a80df6f449c,1.904018179004197,2.79026343252913e-05,1.4654690756458406e-05,30.854213071658762,81.82629405207582,20.0,1.3904309734552589e-05,4.877059457197852e-05,1.056996857781386e-05,7.324487288434475e-05,0.0,Germany,DEU,baden-wurttemberg,,,Linux-7.0.0-31-generic-x86_64-with-glibc2.43,3.14.4,3.3.0,24,Intel(R) Core(TM) Ultra 9 285K,1,1 x NVIDIA GeForce RTX 5090,9.2986,48.7383,60.81614685058594,machine,0.0,0.0,0.0,0.0,N
rollout_58,2026-09-09T12:40:45,td3_HalfCheetah-v5_seed14577,39fbe670-adae-4439-9e35-1a80df6f449c,0.10698988199874293,1.4695691497633792e-06,1.3734178422852101e-05,30.87431603292514,81.77835197886489,20.0,1.0070105278328634e-06,2.2575018061576912e-06,5.93130794408845e-07,3.857643128398966e-06,0.0,Germany,DEU,baden-wurttemberg,,,Linux-7.0.0-31-generic-x86_64-with-glibc2.43,3.14.4,3.3.0,24,Intel(R) Core(TM) Ultra 9 285K,1,1 x NVIDIA GeForce RTX 5090,9.2986,48.7383,60.81614685058594,machine,0.0,0.0,0.0,0.0,N
gradient_updates_58,2026-09-09T12:40:47,td3_HalfCheetah-v5_seed14577,39fbe670-adae-4439-9e35-1a80df6f449c,1.8987781280011404,2.779688288333422e-05,1.4639410158219446e-05,30.863793766445625,81.86610180149647,20.0,1.3693755677217367e-05,4.872670564814996e-05,1.0546812288844644e-05,7.296727361421219e-05,0.0,Germany,DEU,baden-wurttemberg,,,Linux-7.0.0-31-generic-x86_64-with-glibc2.43,3.14.4,3.3.0,24,Intel(R) Core(TM) Ultra 9 285K,1,1 x NVIDIA GeForce RTX 5090,9.2986,48.7383,60.81614685058594,machine,0.0,0.0,0.0,0.0,N
rollout_59,2026-09-09T12:40:47,td3_HalfCheetah-v5_seed14577,39fbe670-adae-4439-9e35-1a80df6f449c,0.10700955698848702,1.4537193635025779e-06,1.3583495974964254e-05,30.887307766820022,81.8050640237526,20.0,1.0219472064490476e-06,2.2025017618609866e-06,5.915882111164061e-07,3.81603717942644e-06,0.0,Germany,DEU,baden-wurttemberg,,,Linux-7.0.0-31-generic-x86_64-with-glibc2.43,3.14.4,3.3.0,24,Intel(R) Core(TM) Ultra 9 285K,1,1 x NVIDIA GeForce RTX 5090,9.2986,48.7383,60.81614685058594,machine,0.0,0.0,0.0,0.0,N
gradient_updates_59,2026-09-09T12:40:49,td3_HalfCheetah-v5_seed14577,39fbe670-adae-4439-9e35-1a80df6f449c,1.908963945999858,2.7648303163710624e-05,1.4483498695030441e-05,30.876293286061607,81.88410192735925,20.0,1.3446886035280159e-05,4.8526983266183876e-05,1.060338011108484e-05,7.257724941254866e-05,0.0,Germany,DEU,baden-wurttemberg,,,Linux-7.0.0-31-generic-x86_64-with-glibc2.43,3.14.4,3.3.0,24,Intel(R) Core(TM) Ultra 9 285K,1,1 x NVIDIA GeForce RTX 5090,9.2986,48.7383,60.81614685058594,machine,0.0,0.0,0.0,0.0,N
rollout_60,2026-09-09T12:40:49,td3_HalfCheetah-v5_seed14577,39fbe670-adae-4439-9e35-1a80df6f449c,0.11229994599125348,1.4650444481218057e-06,1.3044749793505296e-05,30.852128525636328,81.830003827968,20.0,8.864493202739854e-07,2.3377796476431456e-06,6.215367444383033e-07,3.8457657123552175e-06,0.0,Germany,DEU,baden-wurttemberg,,,Linux-7.0.0-31-generic-x86_64-with-glibc2.43,3.14.4,3.3.0,24,Intel(R) Core(TM) Ultra 9 285K,1,1 x NVIDIA GeForce RTX 5090,9.2986,48.7383,60.81614685058594,machine,0.0,0.0,0.0,0.0,N
gradient_updates_60,2026-09-09T12:40:51,td3_HalfCheetah-v5_seed14577,39fbe670-adae-4439-9e35-1a80df6f449c,1.901406933000544,2.819261846206695e-05,1.4827320952716172e-05,30.828914515578493,81.91213065792267,20.0,1.4815156296560383e-05,4.863059446003071e-05,1.0560335244372146e-05,7.400608600096302e-05,0.0,Germany,DEU,baden-wurttemberg,,,Linux-7.0.0-31-generic-x86_64-with-glibc2.43,3.14.4,3.3.0,24,Intel(R) Core(TM) Ultra 9 285K,1,1 x NVIDIA GeForce RTX 5090,9.2986,48.7383,60.81614685058594,machine,0.0,0.0,0.0,0.0,N
rollout_61,2026-09-09T12:40:51,td3_HalfCheetah-v5_seed14577,39fbe670-adae-4439-9e35-1a80df6f449c,0.11287616600748152,2.3254283042224537e-06,2.0604458596329837e-05,30.860172666685532,82.37106230151252,20.0,1.1099564435207432e-06,4.369447940133497e-06,6.248830667270142e-07,6.104287450381038e-06,0.0,Germany,DEU,baden-wurttemberg,,,Linux-7.0.0-31-generic-x86_64-with-glibc2.43,3.14.4,3.3.0,24,Intel(R) Core(TM) Ultra 9 285K,1,1 x NVIDIA GeForce RTX 5090,9.2986,48.7383,60.81614685058594,machine,0.0,0.0,0.0,0.0,N
gradient_updates_61,2026-09-09T12:40:53,td3_HalfCheetah-v5_seed14577,39fbe670-adae-4439-9e35-1a80df6f449c,1.8941676109971013,2.8511098915966725e-05,1.505213505741772e-05,30.86723512101405,82.45852191891292,20.0,1.5141710724468627e-05,4.917892823197434e-05,1.05214634611103e-05,7.484210241755305e-05,0.0,Germany,DEU,baden-wurttemberg,,,Linux-7.0.0-31-generic-x86_64-with-glibc2.43,3.14.4,3.3.0,24,Intel(R) Core(TM) Ultra 9 285K,1,1 x NVIDIA GeForce RTX 5090,9.2986,48.7383,60.81614685058594,machine,0.0,0.0,0.0,0.0,N
rollout_62,2026-09-09T12:40:53,td3_HalfCheetah-v5_seed14577,39fbe670-adae-4439-9e35-1a80df6f449c,0.10620077699422836,1.3377686099705008e-06,1.259418793992643e-05,30.885674145792947,82.32410164000287,20.0,9.991435770892454e-07,1.9233348720337773e-06,5.891860999529975e-07,3.5116645490758033e-06,0.0,Germany,DEU,baden-wurttemberg,,,Linux-7.0.0-31-generic-x86_64-with-glibc2.43,3.14.4,3.3.0,24,Intel(R) Core(TM) Ultra 9 285K,1,1 x NVIDIA GeForce RTX 5090,9.2986,48.7383,60.81614685058594,machine,0.0,0.0,0.0,0.0,N
gradient_updates_62,2026-09-09T12:40:55,td3_HalfCheetah-v5_seed14577,39fbe670-adae-4439-9e35-1a80df6f449c,1.900795162000577,2.7961442023285987e-05,1.471045779281956e-05,30.87873885110413,82.40104550273765,20.0,1.4141091868417888e-05,4.870031673798181e-05,1.0557835450001512e-05,7.339924405640099e-05,0.0,Germany,DEU,baden-wurttemberg,,,Linux-7.0.0-31-generic-x86_64-with-glibc2.43,3.14.4,3.3.0,24,Intel(R) Core(TM) Ultra 9 285K,1,1 x NVIDIA GeForce RTX 5090,9.2986,48.7383,60.81614685058594,machine,0.0,0.0,0.0,0.0,N
rollout_63,2026-09-09T12:40:55,td3_HalfCheetah-v5_seed14577,39fbe670-adae-4439-9e35-1a80df6f449c,0.10987689001194667,1.2537397601772651e-06,1.1410441366195339e-05,30.848368419853145,82.2326276512551,20.0,8.369428917687216e-07,1.844723698019024e-06,6.0942084997395e-07,3.2910874397619125e-06,0.0,Germany,DEU,baden-wurttemberg,,,Linux-7.0.0-31-generic-x86_64-with-glibc2.43,3.14.4,3.3.0,24,Intel(R) Core(TM) Ultra 9 285K,1,1 x NVIDIA GeForce RTX 5090,9.2986,48.7383,60.81614685058594,machine,0.0,0.0,0.0,0.0,N
gradient_updates_63,2026-09-09T12:40:57,td3_HalfCheetah-v5_seed14577,39fbe670-adae-4439-9e35-1a80df6f449c,1.8945635190029861,2.8146889905710914e-05,1.4856716700007747e-05,30.82293589873546,82.30934025493951,20.0,1.4805627677833e-05,4.8557261068005175e-05,1.0523159044452e-05,7.388604779029039e-05,0.0,Germany,DEU,baden-wurttemberg,,,Linux-7.0.0-31-generic-x86_64-with-glibc2.43,3.14.4,3.3.0,24,Intel(R) Core(TM) Ultra 9 285K,1,1 x NVIDIA GeForce RTX 5090,9.2986,48.7383,60.81614685058594,machine,0.0,0.0,0.0,0.0,N
rollout_64,2026-09-09T12:40:57,td3_HalfCheetah-v5_seed14577,39fbe670-adae-4439-9e35-1a80df6f449c,0.10648275799758267,1.4041429080798896e-06,1.318601299239798e-05,30.84897854386459,82.21455283284126,20.0,1.0327299928489242e-06,2.062501649913173e-06,5.906665278114249e-07,3.6858981705733054e-06,0.0,Germany,DEU,baden-wurttemberg,,,Linux-7.0.0-31-generic-x86_64-with-glibc2.43,3.14.4,3.3.0,24,Intel(R) Core(TM) Ultra 9 285K,1,1 x NVIDIA GeForce RTX 5090,9.2986,48.7383,60.81614685058594,machine,0.0,0.0,0.0,0.0,N
gradient_updates_64,2026-09-09T12:40:59,td3_HalfCheetah-v5_seed14577,39fbe670-adae-4439-9e35-1a80df6f449c,1.8862000179942697,2.8201747913016943e-05,1.4951664285511236e-05,30.854081746682652,82.29179638598087,20.0,1.5102800693347906e-05,4.8450594316129525e-05,1.0476655950009952e-05,7.40300509594876e-05,0.0,Germany,DEU,baden-wurttemberg,,,Linux-7.0.0-31-generic-x86_64-with-glibc2.43,3.14.4,3.3.0,24,Intel(R) Core(TM) Ultra 9 285K,1,1 x NVIDIA GeForce RTX 5090,9.2986,48.7383,60.81614685058594,machine,0.0,0.0,0.0,0.0,N
rollout_65,2026-09-09T12:40:59,td3_HalfCheetah-v5_seed14577,39fbe670-adae-4439-9e35-1a80df6f449c,0.1063795970112551,1.4177590264906163e-06,1.3326961246486562e-05,30.88669042006273,82.20064466965162,20.0,1.0611961267364967e-06,2.0700016558627965e-06,5.904429221925949e-07,3.721640704792105e-06,0.0,Germany,DEU,baden-wurttemberg,,,Linux-7.0.0-31-generic-x86_64-with-glibc2.43,3.14.4,3.3.0,24,Intel(R) Core(TM) Ultra 9 285K,1,1 x NVIDIA GeForce RTX 5090,9.2986,48.7383,60.81614685058594,machine,0.0,0.0,0.0,0.0,N
gradient_updates_65,2026-09-09T12:41:01,td3_HalfCheetah-v5_seed14577,39fbe670-adae-4439-9e35-1a80df6f449c,1.8874645799951395,2.836111892271344e-05,1.5026105964243591e-05,30.896770918232917,82.27881239521051,20.0,1.5363047290432863e-05,4.860531666195378e-05,1.0480038522251139e-05,7.444840247463821e-05,0.0,Germany,DEU,baden-wurttemberg,,,Linux-7.0.0-31-generic-x86_64-with-glibc2.43,3.14.4,3.3.0,24,Intel(R) Core(TM) Ultra 9 285K,1,1 x NVIDIA GeForce RTX 5090,9.2986,48.7383,60.81614685058594,machine,0.0,0.0,0.0,0.0,N
rollout_66,2026-09-09T12:41:01,td3_HalfCheetah-v5_seed14577,39fbe670-adae-4439-9e35-1a80df6f449c,0.10660403600195423,1.4020287356633285e-06,1.3150418720311892e-05,30.91934996736821,82.18834364045757,20.0,1.0247613753608387e-06,2.0655572079419926e-06,5.900298499909341e-07,3.680348433294199e-06,0.0,Germany,DEU,baden-wurttemberg,,,Linux-7.0.0-31-generic-x86_64-with-glibc2.43,3.14.4,3.3.0,24,Intel(R) Core(TM) Ultra 9 285K,1,1 x NVIDIA GeForce RTX 5090,9.2986,48.7383,60.81614685058594,machine,0.0,0.0,0.0,0.0,N
gradient_updates_66,2026-09-09T12:41:03,td3_HalfCheetah-v5_seed14577,39fbe670-adae-4439-9e35-1a80df6f449c,1.879008050003904,2.8179954230048414e-05,1.499738308549432e-05,30.922497355289842,82.26703124701382,20.0,1.5014452567109482e-05,4.852087215034828e-05,1.0437517466683295e-05,7.397284218414128e-05,0.0,Germany,DEU,baden-wurttemberg,,,Linux-7.0.0-31-generic-x86_64-with-glibc2.43,3.14.4,3.3.0,24,Intel(R) Core(TM) Ultra 9 285K,1,1 x NVIDIA GeForce RTX 5090,9.2986,48.7383,60.81614685058594,machine,0.0,0.0,0.0,0.0,N
rollout_67,2026-09-09T12:41:03,td3_HalfCheetah-v5_seed14577,39fbe670-adae-4439-9e35-1a80df6f449c,0.10703060899686534,1.3520600008623887e-06,1.263170444040847e-05,30.954110132661693,82.13568012879756,20.0,1.0690797441481603e-06,1.8908348460300317e-06,5.892650944588126e-07,3.5491796846372214e-06,0.0,Germany,DEU,baden-wurttemberg,,,Linux-7.0.0-31-generic-x86_64-with-glibc2.43,3.14.4,3.3.0,24,Intel(R) Core(TM) Ultra 9 285K,1,1 x NVIDIA GeForce RTX 5090,9.2986,48.7383,60.81614685058594,machine,0.0,0.0,0.0,0.0,N
gradient_updates_67,2026-09-09T12:41:05,td3_HalfCheetah-v5_seed14577,39fbe670-adae-4439-9e35-1a80df6f449c,1.8776186839968432,2.8296167518562527e-05,1.5070313066919048e-05,30.961547119362066,82.21895098641554,20.0,1.4979696428191192e-05,4.886892798383613e-05,1.042927956109948e-05,7.427790397312659e-05,0.0,Germany,DEU,baden-wurttemberg,,,Linux-7.0.0-31-generic-x86_64-with-glibc2.43,3.14.4,3.3.0,24,Intel(R) Core(TM) Ultra 9 285K,1,1 x NVIDIA GeForce RTX 5090,9.2986,48.7383,60.81614685058594,machine,0.0,0.0,0.0,0.0,N
rollout_68,2026-09-09T12:41:05,td3_HalfCheetah-v5_seed14577,39fbe670-adae-4439-9e35-1a80df6f449c,0.11862583098991308,1.3980954664816192e-06,1.1784555960427361e-05,30.976898566399658,82.04431335490636,20.0,1.1103292215999816e-06,1.9016681878092356e-06,6.580261277526912e-07,3.6700235371616916e-06,0.0,Germany,DEU,baden-wurttemberg,,,Linux-7.0.0-31-generic-x86_64-with-glibc2.43,3.14.4,3.3.0,24,Intel(R) Core(TM) Ultra 9 285K,1,1 x NVIDIA GeForce RTX 5090,9.2986,48.7383,60.81614685058594,machine,0.0,0.0,0.0,0.0,N
gradient_updates_68,2026-09-09T12:41:07,td3_HalfCheetah-v5_seed14577,39fbe670-adae-4439-9e35-1a80df6f449c,1.8861745679896558,2.8289344787993213e-05,1.4998322345570844e-05,30.976555067312113,82.12183433869349,20.0,1.5077725395509778e-05,4.8705594520193074e-05,1.0476674277742947e-05,7.425999419344558e-05,0.0,Germany,DEU,baden-wurttemberg,,,Linux-7.0.0-31-generic-x86_64-with-glibc2.43,3.14.4,3.3.0,24,Intel(R) Core(TM) Ultra 9 285K,1,1 x NVIDIA GeForce RTX 5090,9.2986,48.7383,60.81614685058594,machine,0.0,0.0,0.0,0.0,N
rollout_69,2026-09-09T12:41:07,td3_HalfCheetah-v5_seed14577,39fbe670-adae-4439-9e35-1a80df6f449c,0.10772450600052252,1.3310778398446278e-06,1.2354491350537742e-05,30.99589724435933,81.99119044345528,20.0,1.0284236005159153e-06,1.8758348339087405e-06,5.89842733299652e-07,3.494101167724091e-06,0.0,Germany,DEU,baden-wurttemberg,,,Linux-7.0.0-31-generic-x86_64-with-glibc2.43,3.14.4,3.3.0,24,Intel(R) Core(TM) Ultra 9 285K,1,1 x NVIDIA GeForce RTX 5090,9.2986,48.7383,60.81614685058594,machine,0.0,0.0,0.0,0.0,N
gradient_updates_69,2026-09-09T12:41:09,td3_HalfCheetah-v5_seed14577,39fbe670-adae-4439-9e35-1a80df6f449c,1.879215645007207,2.8231572826960868e-05,1.502313854398997e-05,30.997470009861825,82.06988801898056,20.0,1.500706033896737e-05,4.866392782010287e-05,1.043735368883871e-05,7.410834184790917e-05,0.0,Germany,DEU,baden-wurttemberg,,,Linux-7.0.0-31-generic-x86_64-with-glibc2.43,3.14.4,3.3.0,24,Intel(R) Core(TM) Ultra 9 285K,1,1 x NVIDIA GeForce RTX 5090,9.2986,48.7383,60.81614685058594,machine,0.0,0.0,0.0,0.0,N
rollout_70,2026-09-09T12:41:09,td3_HalfCheetah-v5_seed14577,39fbe670-adae-4439-9e35-1a80df6f449c,0.10935456199513283,1.375779066073446e-06,1.2577973823071281e-05,31.021351269980315,81.94233517909346,20.0,1.0689947440856162e-06,1.9352793259042045e-06,6.071685499692454e-07,3.6114426199595e-06,0.0,Germany,DEU,baden-wurttemberg,,,Linux-7.0.0-31-generic-x86_64-with-glibc2.43,3.14.4,3.3.0,24,Intel(R) Core(TM) Ultra 9 285K,1,1 x NVIDIA GeForce RTX 5090,9.2986,48.7383,60.81614685058594,machine,0.0,0.0,0.0,0.0,N
gradient_updates_70,2026-09-09T12:41:11,td3_HalfCheetah-v5_seed14577,39fbe670-adae-4439-9e35-1a80df6f449c,1.9048902909999015,2.8554376766043357e-05,1.4990090824957314e-05,31.02922951876517,82.01005353503956,20.0,1.5832847666270855e-05,4.85430943899523e-05,1.0579765427812422e-05,7.495570748403558e-05,0.0,Germany,DEU,baden-wurttemberg,,,Linux-7.0.0-31-generic-x86_64-with-glibc2.43,3.14.4,3.3.0,24,Intel(R) Core(TM) Ultra 9 285K,1,1 x NVIDIA GeForce RTX 5090,9.2986,48.7383,60.81614685058594,machine,0.0,0.0,0.0,0.0,N
rollout_71,2026-09-09T12:41:11,td3_HalfCheetah-v5_seed14577,39fbe670-adae-4439-9e35-1a80df6f449c,0.11630090500693768,1.3944523859403882e-06,1.1990762249066797e-05,31.015758077113446,81.89237005176814,20.0,9.563852095481606e-07,2.0669460980560217e-06,6.371290833663383e-07,3.6604603909709543e-06,0.0,Germany,DEU,baden-wurttemberg,,,Linux-7.0.0-31-generic-x86_64-with-glibc2.43,3.14.4,3.3.0,24,Intel(R) Core(TM) Ultra 9 285K,1,1 x NVIDIA GeForce RTX 5090,9.2986,48.7383,60.81614685058594,machine,0.0,0.0,0.0,0.0,N
gradient_updates_71,2026-09-09T12:41:14,td3_HalfCheetah-v5_seed14577,39fbe670-adae-4439-9e35-1a80df6f449c,2.146418989999802,3.0563629035908375e-05,1.4239350666124106e-05,31.000382102882615,81.92307229488245,20.0,1.6794861769205138e-05,5.151226343214077e-05,1.1922902455585669e-05,8.023002765693201e-05,0.0,Germany,DEU,baden-wurttemberg,,,Linux-7.0.0-31-generic-x86_64-with-glibc2.43,3.14.4,3.3.0,24,Intel(R) Core(TM) Ultra 9 285K,1,1 x NVIDIA GeForce RTX 5090,9.2986,48.7383,60.81614685058594,machine,0.0,0.0,0.0,0.0,N
rollout_72,2026-09-09T12:41:14,td3_HalfCheetah-v5_seed14577,39fbe670-adae-4439-9e35-1a80df6f449c,0.10838032400351949,2.223166157896018e-06,2.051070550072036e-05,31.01532307746851,82.33184884900423,20.0,1.0188105372746503e-06,4.2241700457523734e-06,5.928670554970587e-07,5.835847638524516e-06,0.0,Germany,DEU,baden-wurttemberg,,,Linux-7.0.0-31-generic-x86_64-with-glibc2.43,3.14.4,3.3.0,24,Intel(R) Core(TM) Ultra 9 285K,1,1 x NVIDIA GeForce RTX 5090,9.2986,48.7383,60.81614685058594,machine,0.0,0.0,0.0,0.0,N
gradient_updates_72,2026-09-09T12:41:16,td3_HalfCheetah-v5_seed14577,39fbe670-adae-4439-9e35-1a80df6f449c,2.1775765839993255,3.025788571996103e-05,1.3895277391350204e-05,31.014626598809592,82.34998207205778,20.0,1.5930011910664232e-05,5.1406985570157104e-05,1.2090448955617231e-05,7.942744643643813e-05,0.0,Germany,DEU,baden-wurttemberg,,,Linux-7.0.0-31-generic-x86_64-with-glibc2.43,3.14.4,3.3.0,24,Intel(R) Core(TM) Ultra 9 285K,1,1 x NVIDIA GeForce RTX 5090,9.2986,48.7383,60.81614685058594,machine,0.0,0.0,0.0,0.0,N
rollout_73,2026-09-09T12:41:16,td3_HalfCheetah-v5_seed14577,39fbe670-adae-4439-9e35-1a80df6f449c,0.10947604900866281,1.4374239512577464e-06,1.3129351195470951e-05,30.977311617626263,82.32268785020027,20.0,7.874536855148606e-07,2.3783352360862153e-06,6.07472533334201e-07,3.773261454935277e-06,0.0,Germany,DEU,baden-wurttemberg,,,Linux-7.0.0-31-generic-x86_64-with-glibc2.43,3.14.4,3.3.0,24,Intel(R) Core(TM) Ultra 9 285K,1,1 x NVIDIA GeForce RTX 5090,9.2986,48.7383,60.81614685058594,machine,0.0,0.0,0.0,0.0,N
gradient_updates_73,2026-09-09T12:41:18,td3_HalfCheetah-v5_seed14577,39fbe670-adae-4439-9e35-1a80df6f449c,2.174654932998237,3.100975473452122e-05,1.4259666958458727e-05,30.94332782084916,82.36057497572473,20.0,1.614527930510201e-05,5.317670920779172e-05,1.2079126422193153e-05,8.140111493508666e-05,0.0,Germany,DEU,baden-wurttemberg,,,Linux-7.0.0-31-generic-x86_64-with-glibc2.43,3.14.4,3.3.0,24,Intel(R) Core(TM) Ultra 9 285K,1,1 x NVIDIA GeForce RTX 5090,9.2986,48.7383,60.81614685058594,machine,0.0,0.0,0.0,0.0,N
rollout_74,2026-09-09T12:41:18,td3_HalfCheetah-v5_seed14577,39fbe670-adae-4439-9e35-1a80df6f449c,0.10615535300166812,1.4620321107591816e-06,1.3771597131179888e-05,30.959528216227483,82.3205554706794,20.0,1.0035519139514615e-06,2.2458351300880253e-06,5.88471233317709e-07,3.837858277356762e-06,0.0,Germany,DEU,baden-wurttemberg,,,Linux-7.0.0-31-generic-x86_64-with-glibc2.43,3.14.4,3.3.0,24,Intel(R) Core(TM) Ultra 9 285K,1,1 x NVIDIA GeForce RTX 5090,9.2986,48.7383,60.81614685058594,machine,0.0,0.0,0.0,0.0,N
gradient_updates_74,2026-09-09T12:41:20,td3_HalfCheetah-v5_seed14577,39fbe670-adae-4439-9e35-1a80df6f449c,2.2198276550043374,3.147200287067012e-05,1.417773240321886e-05,30.95589815008062,82.36826687781566,20.0,1.5059669269949782e-05,5.523004418406252e-05,1.2324810422271364e-05,8.261452387628345e-05,0.0,Germany,DEU,baden-wurttemberg,,,Linux-7.0.0-31-generic-x86_64-with-glibc2.43,3.14.4,3.3.0,24,Intel(R) Core(TM) Ultra 9 285K,1,1 x NVIDIA GeForce RTX 5090,9.2986,48.7383,60.81614685058594,machine,0.0,0.0,0.0,0.0,N
rollout_75,2026-09-09T12:41:21,td3_HalfCheetah-v5_seed14577,39fbe670-adae-4439-9e35-1a80df6f449c,0.11017667599662673,1.2556791077382792e-06,1.1395968029457742e-05,30.922193551671366,82.23286349473447,20.0,8.034753650049131e-07,1.8813903939207677e-06,6.113125000006738e-07,3.2961782589265715e-06,0.0,Germany,DEU,baden-wurttemberg,,,Linux-7.0.0-31-generic-x86_64-with-glibc2.43,3.14.4,3.3.0,24,Intel(R) Core(TM) Ultra 9 285K,1,1 x NVIDIA GeForce RTX 5090,9.2986,48.7383,60.81614685058594,machine,0.0,0.0,0.0,0.0,N
gradient_updates_75,2026-09-09T12:41:23,td3_HalfCheetah-v5_seed14577,39fbe670-adae-4439-9e35-1a80df6f449c,2.2048331600090023,3.05823506297374e-05,1.3870645533533315e-05,30.88566571356204,82.26243527780362,20.0,1.4865916892724262e-05,5.316587586623456e-05,1.2247379388928645e-05,8.027917214788703e-05,0.0,Germany,DEU,baden-wurttemberg,,,Linux-7.0.0-31-generic-x86_64-with-glibc2.43,3.14.4,3.3.0,24,Intel(R) Core(TM) Ultra 9 285K,1,1 x NVIDIA GeForce RTX 5090,9.2986,48.7383,60.81614685058594,machine,0.0,0.0,0.0,0.0,N
rollout_76,2026-09-09T12:41:23,td3_HalfCheetah-v5_seed14577,39fbe670-adae-4439-9e35-1a80df6f449c,0.11036200598755386,1.310579180813145e-06,1.1876050096306607e-05,30.857426297948994,82.15425499653465,20.0,8.264484389342019e-07,2.001946045826486e-06,6.118973666969802e-07,3.4402918514583186e-06,0.0,Germany,DEU,baden-wurttemberg,,,Linux-7.0.0-31-generic-x86_64-with-glibc2.43,3.14.4,3.3.0,24,Intel(R) Core(TM) Ultra 9 285K,1,1 x NVIDIA GeForce RTX 5090,9.2986,48.7383,60.81614685058594,machine,0.0,0.0,0.0,0.0,N
gradient_updates_76,2026-09-09T12:41:25,td3_HalfCheetah-v5_seed14577,39fbe670-adae-4439-9e35-1a80df6f449c,2.041891984990798,2.900981505250637e-05,1.4207339141239376e-05,30.83246574201669,82.18121195491157,20.0,1.5815062929816492e-05,4.8993650306083936e-05,1.1342527222182484e-05,7.615124045808226e-05,0.0,Germany,DEU,baden-wurttemberg,,,Linux-7.0.0-31-generic-x86_64-with-glibc2.43,3.14.4,3.3.0,24,Intel(R) Core(TM) Ultra 9 285K,1,1 x NVIDIA GeForce RTX 5090,9.2986,48.7383,60.81614685058594,machine,0.0,0.0,0.0,0.0,N
rollout_77,2026-09-09T12:41:25,td3_HalfCheetah-v5_seed14577,39fbe670-adae-4439-9e35-1a80df6f449c,0.10661098999844398,1.4791763461199751e-06,1.3873585305962854e-05,30.856031273932036,82.13998956428243,20.0,1.045598336475717e-06,2.244446239973996e-06,5.928176000048399e-07,3.882862176453686e-06,0.0,Germany,DEU,baden-wurttemberg,,,Linux-7.0.0-31-generic-x86_64-with-glibc2.43,3.14.4,3.3.0,24,Intel(R) Core(TM) Ultra 9 285K,1,1 x NVIDIA GeForce RTX 5090,9.2986,48.7383,60.81614685058594,machine,0.0,0.0,0.0,0.0,N
gradient_updates_77,2026-09-09T12:41:27,td3_HalfCheetah-v5_seed14577,39fbe670-adae-4439-9e35-1a80df6f449c,1.8746334879979258,2.779304501265064e-05,1.4825904753653954e-05,30.860336619552445,82.1992492131326,20.0,1.4869986062641949e-05,4.767420480589202e-05,1.0413008272169323e-05,7.295719914070242e-05,0.0,Germany,DEU,baden-wurttemberg,,,Linux-7.0.0-31-generic-x86_64-with-glibc2.43,3.14.4,3.3.0,24,Intel(R) Core(TM) Ultra 9 285K,1,1 x NVIDIA GeForce RTX 5090,9.2986,48.7383,60.81614685058594,machine,0.0,0.0,0.0,0.0,N
rollout_78,2026-09-09T12:41:27,td3_HalfCheetah-v5_seed14577,39fbe670-adae-4439-9e35-1a80df6f449c,0.10745906400552485,1.5172162861841997e-06,1.4117223675684747e-05,30.88301963982597,82.17595725188173,20.0,1.048853616861245e-06,2.3383352041328465e-06,5.955288222240108e-07,3.982717643218753e-06,0.0,Germany,DEU,baden-wurttemberg,,,Linux-7.0.0-31-generic-x86_64-with-glibc2.43,3.14.4,3.3.0,24,Intel(R) Core(TM) Ultra 9 285K,1,1 x NVIDIA GeForce RTX 5090,9.2986,48.7383,60.81614685058594,machine,0.0,0.0,0.0,0.0,N
gradient_updates_78,2026-09-09T12:41:29,td3_HalfCheetah-v5_seed14577,39fbe670-adae-4439-9e35-1a80df6f449c,1.8860145219950937,2.7882706269822914e-05,1.4783961619672273e-05,30.887501839080297,82.23059576210404,20.0,1.50619070495156e-05,4.765448256782712e-05,1.0476171794450992e-05,7.319256141179349e-05,0.0,Germany,DEU,baden-wurttemberg,,,Linux-7.0.0-31-generic-x86_64-with-glibc2.43,3.14.4,3.3.0,24,Intel(R) Core(TM) Ultra 9 285K,1,1 x NVIDIA GeForce RTX 5090,9.2986,48.7383,60.81614685058594,machine,0.0,0.0,0.0,0.0,N
rollout_79,2026-09-09T12:41:29,td3_HalfCheetah-v5_seed14577,39fbe670-adae-4439-9e35-1a80df6f449c,0.10633285199583042,1.5116896067797134e-06,1.4216125801770482e-05,30.90978844513748,82.2118545683879,20.0,1.0383927751614341e-06,2.3394463162240697e-06,5.903709277238316e-07,3.968210019109769e-06,0.0,Germany,DEU,baden-wurttemberg,,,Linux-7.0.0-31-generic-x86_64-with-glibc2.43,3.14.4,3.3.0,24,Intel(R) Core(TM) Ultra 9 285K,1,1 x NVIDIA GeForce RTX 5090,9.2986,48.7383,60.81614685058594,machine,0.0,0.0,0.0,0.0,N
gradient_updates_79,2026-09-09T12:41:31,td3_HalfCheetah-v5_seed14577,39fbe670-adae-4439-9e35-1a80df6f449c,1.9268210290028946,2.851096676122298e-05,1.4796964559665049e-05,30.907155598852057,82.28054308307057,20.0,1.4177322730735131e-05,4.996642886179181e-05,1.0698003916655152e-05,7.48417555091821e-05,0.0,Germany,DEU,baden-wurttemberg,,,Linux-7.0.0-31-generic-x86_64-with-glibc2.43,3.14.4,3.3.0,24,Intel(R) Core(TM) Ultra 9 285K,1,1 x NVIDIA GeForce RTX 5090,9.2986,48.7383,60.81614685058594,machine,0.0,0.0,0.0,0.0,N
rollout_80,2026-09-09T12:41:31,td3_HalfCheetah-v5_seed14577,39fbe670-adae-4439-9e35-1a80df6f449c,0.11181509400194045,1.3278100669585763e-06,1.1876236165964763e-05,30.904050462652997,82.15433224500805,20.0,9.612513245590981e-07,1.9058348579292783e-06,6.184370277980376e-07,3.4855232102868478e-06,0.0,Germany,DEU,baden-wurttemberg,,,Linux-7.0.0-31-generic-x86_64-with-glibc2.43,3.14.4,3.3.0,24,Intel(R) Core(TM) Ultra 9 285K,1,1 x NVIDIA GeForce RTX 5090,9.2986,48.7383,60.81614685058594,machine,0.0,0.0,0.0,0.0,N
gradient_updates_80,2026-09-09T12:41:33,td3_HalfCheetah-v5_seed14577,39fbe670-adae-4439-9e35-1a80df6f449c,1.9308175999904051,2.8463892334916734e-05,1.4741898197417313e-05,30.89905755668275,82.19911546041888,20.0,1.5979620283684826e-05,4.8014760634096376e-05,1.0723803450026805e-05,7.471818436780887e-05,0.0,Germany,DEU,baden-wurttemberg,,,Linux-7.0.0-31-generic-x86_64-with-glibc2.43,3.14.4,3.3.0,24,Intel(R) Core(TM) Ultra 9 285K,1,1 x NVIDIA GeForce RTX 5090,9.2986,48.7383,60.81614685058594,machine,0.0,0.0,0.0,0.0,N
rollout_81,2026-09-09T12:41:33,td3_HalfCheetah-v5_seed14577,39fbe670-adae-4439-9e35-1a80df6f449c,0.11349706699547824,1.4938277031915567e-06,1.3163316017271944e-05,30.925052662136213,82.11878870713628,20.0,1.129504236939416e-06,2.1638906200216468e-06,6.279273721803563e-07,3.921322229141419e-06,0.0,Germany,DEU,baden-wurttemberg,,,Linux-7.0.0-31-generic-x86_64-with-glibc2.43,3.14.4,3.3.0,24,Intel(R) Core(TM) Ultra 9 285K,1,1 x NVIDIA GeForce RTX 5090,9.2986,48.7383,60.81614685058594,machine,0.0,0.0,0.0,0.0,N
gradient_updates_81,2026-09-09T12:41:35,td3_HalfCheetah-v5_seed14577,39fbe670-adae-4439-9e35-1a80df6f449c,1.8995479939912912,2.7938724043469632e-05,1.470817298770705e-05,30.92978746596764,82.17055809451828,20.0,1.4904284145640656e-05,4.788448275205859e-05,1.055084208896411e-05,7.333960898666357e-05,0.0,Germany,DEU,baden-wurttemberg,,,Linux-7.0.0-31-generic-x86_64-with-glibc2.43,3.14.4,3.3.0,24,Intel(R) Core(TM) Ultra 9 285K,1,1 x NVIDIA GeForce RTX 5090,9.2986,48.7383,60.81614685058594,machine,0.0,0.0,0.0,0.0,N
rollout_82,2026-09-09T12:41:35,td3_HalfCheetah-v5_seed14577,39fbe670-adae-4439-9e35-1a80df6f449c,0.10909681199700572,1.4351841335657513e-06,1.3153690599469237e-05,30.907213330665723,82.13892265086042,20.0,8.373840032424584e-07,2.3252796379491514e-06,6.047182555550448e-07,3.7673818967468714e-06,0.0,Germany,DEU,baden-wurttemberg,,,Linux-7.0.0-31-generic-x86_64-with-glibc2.43,3.14.4,3.3.0,24,Intel(R) Core(TM) Ultra 9 285K,1,1 x NVIDIA GeForce RTX 5090,9.2986,48.7383,60.81614685058594,machine,0.0,0.0,0.0,0.0,N
gradient_updates_82,2026-09-09T12:41:37,td3_HalfCheetah-v5_seed14577,39fbe670-adae-4439-9e35-1a80df6f449c,1.9152131379960338,2.785451367502082e-05,1.4543898795829547e-05,30.889270784167447,82.17821163812158,20.0,1.5241621637733516e-05,4.723614890012051e-05,1.0640784850046627e-05,7.311855538790109e-05,0.0,Germany,DEU,baden-wurttemberg,,,Linux-7.0.0-31-generic-x86_64-with-glibc2.43,3.14.4,3.3.0,24,Intel(R) Core(TM) Ultra 9 285K,1,1 x NVIDIA GeForce RTX 5090,9.2986,48.7383,60.81614685058594,machine,0.0,0.0,0.0,0.0,N
rollout_83,2026-09-09T12:41:37,td3_HalfCheetah-v5_seed14577,39fbe670-adae-4439-9e35-1a80df6f449c,0.10556800400081556,1.328634110763123e-06,1.2585459868565458e-05,30.905910676946053,82.0755264982496,20.0,1.0074513615218605e-06,1.8950015161500744e-06,5.852334611215239e-07,3.487686338793025e-06,0.0,Germany,DEU,baden-wurttemberg,,,Linux-7.0.0-31-generic-x86_64-with-glibc2.43,3.14.4,3.3.0,24,Intel(R) Core(TM) Ultra 9 285K,1,1 x NVIDIA GeForce RTX 5090,9.2986,48.7383,60.81614685058594,machine,0.0,0.0,0.0,0.0,N
gradient_updates_83,2026-09-09T12:41:39,td3_HalfCheetah-v5_seed14577,39fbe670-adae-4439-9e35-1a80df6f449c,1.930595119993086,2.7257733541464265e-05,1.4118876981196883e-05,30.896072515778958,82.11419709597968,20.0,1.3275462009250394e-05,4.7553371375963494e-05,1.0723164361115672e-05,7.155199774632956e-05,0.0,Germany,DEU,baden-wurttemberg,,,Linux-7.0.0-31-generic-x86_64-with-glibc2.43,3.14.4,3.3.0,24,Intel(R) Core(TM) Ultra 9 285K,1,1 x NVIDIA GeForce RTX 5090,9.2986,48.7383,60.81614685058594,machine,0.0,0.0,0.0,0.0,N
rollout_84,2026-09-09T12:41:39,td3_HalfCheetah-v5_seed14577,39fbe670-adae-4439-9e35-1a80df6f449c,0.1119606870051939,1.3180178631390718e-06,1.1771510251287121e-05,30.87420363790499,81.99923088939497,20.0,8.698848625726674e-07,1.9611126798046996e-06,6.288209722293478e-07,3.4598185146058474e-06,0.0,Germany,DEU,baden-wurttemberg,,,Linux-7.0.0-31-generic-x86_64-with-glibc2.43,3.14.4,3.3.0,24,Intel(R) Core(TM) Ultra 9 285K,1,1 x NVIDIA GeForce RTX 5090,9.2986,48.7383,60.81614685058594,machine,0.0,0.0,0.0,0.0,N
gradient_updates_84,2026-09-09T12:41:41,td3_HalfCheetah-v5_seed14577,39fbe670-adae-4439-9e35-1a80df6f449c,1.8974457419972168,2.7775005303128444e-05,1.463815669532342e-05,30.855924012128526,82.04561958794913,20.0,1.4926205829844663e-05,4.744392684408183e-05,1.0539711933314549e-05,7.290984460724126e-05,0.0,Germany,DEU,baden-wurttemberg,,,Linux-7.0.0-31-generic-x86_64-with-glibc2.43,3.14.4,3.3.0,24,Intel(R) Core(TM) Ultra 9 285K,1,1 x NVIDIA GeForce RTX 5090,9.2986,48.7383,60.81614685058594,machine,0.0,0.0,0.0,0.0,N
rollout_85,2026-09-09T12:41:41,td3_HalfCheetah-v5_seed14577,39fbe670-adae-4439-9e35-1a80df6f449c,0.10556943800474983,1.425060178031172e-06,1.3497611986257628e-05,30.875608119696075,81.99310629718084,20.0,1.0247613753608387e-06,2.131668372040707e-06,5.843765999693964e-07,3.740806347371159e-06,0.0,Germany,DEU,baden-wurttemberg,,,Linux-7.0.0-31-generic-x86_64-with-glibc2.43,3.14.4,3.3.0,24,Intel(R) Core(TM) Ultra 9 285K,1,1 x NVIDIA GeForce RTX 5090,9.2986,48.7383,60.81614685058594,machine,0.0,0.0,0.0,0.0,N
gradient_updates_85,2026-09-09T12:41:43,td3_HalfCheetah-v5_seed14577,39fbe670-adae-4439-9e35-1a80df6f449c,1.92498017399339,2.7262123237151072e-05,1.4162401749631837e-05,30.8697086616308,82.02985349933144,20.0,1.35985750455217e-05,4.727309337404506e-05,1.0691852349959232e-05,7.156352076952664e-05,0.0,Germany,DEU,baden-wurttemberg,,,Linux-7.0.0-31-generic-x86_64-with-glibc2.43,3.14.4,3.3.0,24,Intel(R) Core(TM) Ultra 9 285K,1,1 x NVIDIA GeForce RTX 5090,9.2986,48.7383,60.81614685058594,machine,0.0,0.0,0.0,0.0,N
rollout_86,2026-09-09T12:41:43,td3_HalfCheetah-v5_seed14577,39fbe670-adae-4439-9e35-1a80df6f449c,0.11015515201142989,2.1744276379673244e-06,1.973707881986814e-05,30.850789467112122,82.35548904900506,20.0,8.581017975975436e-07,4.241392282056111e-06,6.08414144436225e-07,5.707908224090313e-06,0.0,Germany,DEU,baden-wurttemberg,,,Linux-7.0.0-31-generic-x86_64-with-glibc2.43,3.14.4,3.3.0,24,Intel(R) Core(TM) Ultra 9 285K,1,1 x NVIDIA GeForce RTX 5090,9.2986,48.7383,60.81614685058594,machine,0.0,0.0,0.0,0.0,N
gradient_updates_86,2026-09-09T12:41:45,td3_HalfCheetah-v5_seed14577,39fbe670-adae-4439-9e35-1a80df6f449c,1.9020784180029295,2.780335017765539e-05,1.4617391393532326e-05,30.833024960463835,82.40004675884799,20.0,1.4743016238848161e-05,4.7675593695784e-05,1.0565640433277514e-05,7.298425036791033e-05,0.0,Germany,DEU,baden-wurttemberg,,,Linux-7.0.0-31-generic-x86_64-with-glibc2.43,3.14.4,3.3.0,24,Intel(R) Core(TM) Ultra 9 285K,1,1 x NVIDIA GeForce RTX 5090,9.2986,48.7383,60.81614685058594,machine,0.0,0.0,0.0,0.0,N
rollout_87,2026-09-09T12:41:45,td3_HalfCheetah-v5_seed14577,39fbe670-adae-4439-9e35-1a80df6f449c,0.1060532280098414,1.3151959820214068e-06,1.2401585167038098e-05,30.84529099960067,82.29497492554977,20.0,9.908871815914044e-07,1.8736126099483386e-06,5.879112388357168e-07,3.4524110303756766e-06,0.0,Germany,DEU,baden-wurttemberg,,,Linux-7.0.0-31-generic-x86_64-with-glibc2.43,3.14.4,3.3.0,24,Intel(R) Core(TM) Ultra 9 285K,1,1 x NVIDIA GeForce RTX 5090,9.2986,48.7383,60.81614685058594,machine,0.0,0.0,0.0,0.0,N
gradient_updates_87,2026-09-09T12:41:47,td3_HalfCheetah-v5_seed14577,39fbe670-adae-4439-9e35-1a80df6f449c,1.9010893489903538,2.7694147976645243e-05,1.4567562810356599e-05,30.842219551485655,82.33837886305173,20.0,1.4578068884663065e-05,4.7558926936197565e-05,1.056059697778747e-05,7.269759279864875e-05,0.0,Germany,DEU,baden-wurttemberg,,,Linux-7.0.0-31-generic-x86_64-with-glibc2.43,3.14.4,3.3.0,24,Intel(R) Core(TM) Ultra 9 285K,1,1 x NVIDIA GeForce RTX 5090,9.2986,48.7383,60.81614685058594,machine,0.0,0.0,0.0,0.0,N
rollout_88,2026-09-09T12:41:47,td3_HalfCheetah-v5_seed14577,39fbe670-adae-4439-9e35-1a80df6f449c,0.10658283400698565,1.2952029855464557e-06,1.215230022304459e-05,30.852147526845762,82.21724433212479,20.0,9.941424619838712e-07,1.8086125579408474e-06,5.971740666913666e-07,3.3999290866160853e-06,0.0,Germany,DEU,baden-wurttemberg,,,Linux-7.0.0-31-generic-x86_64-with-glibc2.43,3.14.4,3.3.0,24,Intel(R) Core(TM) Ultra 9 285K,1,1 x NVIDIA GeForce RTX 5090,9.2986,48.7383,60.81614685058594,machine,0.0,0.0,0.0,0.0,N
gradient_updates_88,2026-09-09T12:41:49,td3_HalfCheetah-v5_seed14577,39fbe670-adae-4439-9e35-1a80df6f449c,1.9078013510006713,2.7590436534780192e-05,1.4462025387055385e-05,30.846819877978632,82.25748198497662,20.0,1.4402050688297474e-05,4.742587127393172e-05,1.0597426599997508e-05,7.242534856222692e-05,0.0,Germany,DEU,baden-wurttemberg,,,Linux-7.0.0-31-generic-x86_64-with-glibc2.43,3.14.4,3.3.0,24,Intel(R) Core(TM) Ultra 9 285K,1,1 x NVIDIA GeForce RTX 5090,9.2986,48.7383,60.81614685058594,machine,0.0,0.0,0.0,0.0,N
rollout_89,2026-09-09T12:41:49,td3_HalfCheetah-v5_seed14577,39fbe670-adae-4439-9e35-1a80df6f449c,0.10929705199669115,1.3013382858351012e-06,1.1905489005812963e-05,30.82640006421798,82.15883346336193,20.0,8.438942862218357e-07,1.9622237921179675e-06,6.099162721915231e-07,3.416034350531977e-06,0.0,Germany,DEU,baden-wurttemberg,,,Linux-7.0.0-31-generic-x86_64-with-glibc2.43,3.14.4,3.3.0,24,Intel(R) Core(TM) Ultra 9 285K,1,1 x NVIDIA GeForce RTX 5090,9.2986,48.7383,60.81614685058594,machine,0.0,0.0,0.0,0.0,N
gradient_updates_89,2026-09-09T12:41:51,td3_HalfCheetah-v5_seed14577,39fbe670-adae-4439-9e35-1a80df6f449c,1.908316814005957,2.7432995415002572e-05,1.437556252894638e-05,30.804517817452865,82.19829826196238,20.0,1.4069477366686345e-05,4.734837121200819e-05,1.0594214461080893e-05,7.20120630397763e-05,0.0,Germany,DEU,baden-wurttemberg,,,Linux-7.0.0-31-generic-x86_64-with-glibc2.43,3.14.4,3.3.0,24,Intel(R) Core(TM) Ultra 9 285K,1,1 x NVIDIA GeForce RTX 5090,9.2986,48.7383,60.81614685058594,machine,0.0,0.0,0.0,0.0,N
rollout_90,2026-09-09T12:41:51,td3_HalfCheetah-v5_seed14577,39fbe670-adae-4439-9e35-1a80df6f449c,0.11241525800141972,1.4475630256004408e-06,1.28745562358948e-05,30.78587785718066,82.1535605934328,20.0,8.71360141534161e-07,2.3055573998842505e-06,6.229591500111868e-07,3.799876691430032e-06,0.0,Germany,DEU,baden-wurttemberg,,,Linux-7.0.0-31-generic-x86_64-with-glibc2.43,3.14.4,3.3.0,24,Intel(R) Core(TM) Ultra 9 285K,1,1 x NVIDIA GeForce RTX 5090,9.2986,48.7383,60.81614685058594,machine,0.0,0.0,0.0,0.0,N
gradient_updates_90,2026-09-09T12:41:53,td3_HalfCheetah-v5_seed14577,39fbe670-adae-4439-9e35-1a80df6f449c,2.0663498479989357,3.040789789774496e-05,1.4715773699572268e-05,30.77180000729994,82.19198215237968,20.0,1.7118805361697464e-05,5.122531875811909e-05,1.1477106744455911e-05,7.98212308642729e-05,0.0,Germany,DEU,baden-wurttemberg,,,Linux-7.0.0-31-generic-x86_64-with-glibc2.43,3.14.4,3.3.0,24,Intel(R) Core(TM) Ultra 9 285K,1,1 x NVIDIA GeForce RTX 5090,9.2986,48.7383,60.81614685058594,machine,0.0,0.0,0.0,0.0,N
rollout_91,2026-09-09T12:41:53,td3_HalfCheetah-v5_seed14577,39fbe670-adae-4439-9e35-1a80df6f449c,0.11060214700410143,1.4650415281289991e-06,1.3246596728465543e-05,30.793452387148257,82.12594277566429,20.0,1.089000871201673e-06,2.14389060393394e-06,6.128665721917038e-07,3.845758047326883e-06,0.0,Germany,DEU,baden-wurttemberg,,,Linux-7.0.0-31-generic-x86_64-with-glibc2.43,3.14.4,3.3.0,24,Intel(R) Core(TM) Ultra 9 285K,1,1 x NVIDIA GeForce RTX 5090,9.2986,48.7383,60.81614685058594,machine,0.0,0.0,0.0,0.0,N
gradient_updates_91,2026-09-09T12:41:55,td3_HalfCheetah-v5_seed14577,39fbe670-adae-4439-9e35-1a80df6f449c,1.9685787110065576,2.879635165576157e-05,1.4628012959406746e-05,30.79745832267983,82.16753280295612,20.0,1.5487033222946756e-05,4.916670599985906e-05,1.09371563166657e-05,7.559089553947108e-05,0.0,Germany,DEU,baden-wurttemberg,,,Linux-7.0.0-31-generic-x86_64-with-glibc2.43,3.14.4,3.3.0,24,Intel(R) Core(TM) Ultra 9 285K,1,1 x NVIDIA GeForce RTX 5090,9.2986,48.7383,60.81614685058594,machine,0.0,0.0,0.0,0.0,N
rollout_92,2026-09-09T12:41:56,td3_HalfCheetah-v5_seed14577,39fbe670-adae-4439-9e35-1a80df6f449c,0.10587107200990431,1.3741471340772242e-06,1.2978760831282228e-05,30.814814288018294,82.09235113441781,20.0,1.0209974834612945e-06,1.9988904882417557e-06,5.872707999918323e-07,3.6071587716946657e-06,0.0,Germany,DEU,baden-wurttemberg,,,Linux-7.0.0-31-generic-x86_64-with-glibc2.43,3.14.4,3.3.0,24,Intel(R) Core(TM) Ultra 9 285K,1,1 x NVIDIA GeForce RTX 5090,9.2986,48.7383,60.81614685058594,machine,0.0,0.0,0.0,0.0,N
gradient_updates_92,2026-09-09T12:41:58,td3_HalfCheetah-v5_seed14577,39fbe670-adae-4439-9e35-1a80df6f449c,2.1599580320034875,3.0256510390076763e-05,1.4007985416140292e-05,30.815129042828335,82.12280450155441,20.0,1.4718669830479647e-05,5.270615327579442e-05,1.1999013066654046e-05,7.942383617292811e-05,0.0,Germany,DEU,baden-wurttemberg,,,Linux-7.0.0-31-generic-x86_64-with-glibc2.43,3.14.4,3.3.0,24,Intel(R) Core(TM) Ultra 9 285K,1,1 x NVIDIA GeForce RTX 5090,9.2986,48.7383,60.81614685058594,machine,0.0,0.0,0.0,0.0,N
rollout_93,2026-09-09T12:41:58,td3_HalfCheetah-v5_seed14577,39fbe670-adae-4439-9e35-1a80df6f449c,0.10578783600067254,1.3161511645634096e-06,1.2440319573157285e-05,30.828605252581117,82.02546916979207,20.0,1.0000591333797493e-06,1.868057050158356e-06,5.8680221668014e-07,3.454918400218679e-06,0.0,Germany,DEU,baden-wurttemberg,,,Linux-7.0.0-31-generic-x86_64-with-glibc2.43,3.14.4,3.3.0,24,Intel(R) Core(TM) Ultra 9 285K,1,1 x NVIDIA GeForce RTX 5090,9.2986,48.7383,60.81614685058594,machine,0.0,0.0,0.0,0.0,N
gradient_updates_93,2026-09-09T12:42:00,td3_HalfCheetah-v5_seed14577,39fbe670-adae-4439-9e35-1a80df6f449c,2.205026955998619,3.061971210828896e-05,1.388637828816563e-05,30.828196816577726,82.04480036064304,20.0,1.5633347784441143e-05,5.2495875329849895e-05,1.2248023527758377e-05,8.037724664205007e-05,0.0,Germany,DEU,baden-wurttemberg,,,Linux-7.0.0-31-generic-x86_64-with-glibc2.43,3.14.4,3.3.0,24,Intel(R) Core(TM) Ultra 9 285K,1,1 x NVIDIA GeForce RTX 5090,9.2986,48.7383,60.81614685058594,machine,0.0,0.0,0.0,0.0,N
rollout_94,2026-09-09T12:42:00,td3_HalfCheetah-v5_seed14577,39fbe670-adae-4439-9e35-1a80df6f449c,0.10886968699924182,1.2232106005190778e-06,1.1233742008842447e-05,30.799823480408296,81.92350295201133,20.0,7.941167464026178e-07,1.8033347761736707e-06,6.134963722111315e-07,3.2109478947869863e-06,0.0,Germany,DEU,baden-wurttemberg,,,Linux-7.0.0-31-generic-x86_64-with-glibc2.43,3.14.4,3.3.0,24,Intel(R) Core(TM) Ultra 9 285K,1,1 x NVIDIA GeForce RTX 5090,9.2986,48.7383,60.81614685058594,machine,0.0,0.0,0.0,0.0,N
gradient_updates_94,2026-09-09T12:42:02,td3_HalfCheetah-v5_seed14577,39fbe670-adae-4439-9e35-1a80df6f449c,2.044709473993862,2.8554715191629523e-05,1.3965235825045394e-05,30.772901938571525,81.94414389342258,20.0,1.4810917682052394e-05,4.8787816808060214e-05,1.1357861366640375e-05,7.495659585675211e-05,0.0,Germany,DEU,baden-wurttemberg,,,Linux-7.0.0-31-generic-x86_64-with-glibc2.43,3.14.4,3.3.0,24,Intel(R) Core(TM) Ultra 9 285K,1,1 x NVIDIA GeForce RTX 5090,9.2986,48.7383,60.81614685058594,machine,0.0,0.0,0.0,0.0,N
rollout_95,2026-09-09T12:42:02,td3_HalfCheetah-v5_seed14577,39fbe670-adae-4439-9e35-1a80df6f449c,0.11215999099658802,1.3994601468251752e-06,1.2476414241454246e-05,30.74469228810562,81.8863440936953,20.0,8.12732316855802e-07,2.2305573397218836e-06,6.303161888758079e-07,3.673605845452843e-06,0.0,Germany,DEU,baden-wurttemberg,,,Linux-7.0.0-31-generic-x86_64-with-glibc2.43,3.14.4,3.3.0,24,Intel(R) Core(TM) Ultra 9 285K,1,1 x NVIDIA GeForce RTX 5090,9.2986,48.7383,60.81614685058594,machine,0.0,0.0,0.0,0.0,N
gradient_updates_95,2026-09-09T12:42:04,td3_HalfCheetah-v5_seed14577,39fbe670-adae-4439-9e35-1a80df6f449c,1.895159290987067,2.7612591049549357e-05,1.457011580817847e-05,30.72536698067713,81.92294360193462,20.0,1.5099748746458252e-05,4.6857259708321664e-05,1.0526496072189905e-05,7.248350452697047e-05,0.0,Germany,DEU,baden-wurttemberg,,,Linux-7.0.0-31-generic-x86_64-with-glibc2.43,3.14.4,3.3.0,24,Intel(R) Core(TM) Ultra 9 285K,1,1 x NVIDIA GeForce RTX 5090,9.2986,48.7383,60.81614685058594,machine,0.0,0.0,0.0,0.0,N
rollout_96,2026-09-09T12:42:04,td3_HalfCheetah-v5_seed14577,39fbe670-adae-4439-9e35-1a80df6f449c,0.10782949299027678,2.2258625651393367e-06,2.0642513561987773e-05,30.741582802297746,82.22360969192478,20.0,1.0345269387326828e-06,4.210836701989962e-06,5.975621110540681e-07,5.842925751776279e-06,0.0,Germany,DEU,baden-wurttemberg,,,Linux-7.0.0-31-generic-x86_64-with-glibc2.43,3.14.4,3.3.0,24,Intel(R) Core(TM) Ultra 9 285K,1,1 x NVIDIA GeForce RTX 5090,9.2986,48.7383,60.81614685058594,machine,0.0,0.0,0.0,0.0,N
gradient_updates_96,2026-09-09T12:42:06,td3_HalfCheetah-v5_seed14577,39fbe670-adae-4439-9e35-1a80df6f449c,1.8936581109883264,2.6870509642111517e-05,1.4189775486401563e-05,30.744520460679407,82.23941353686021,20.0,1.5132555439362205e-05,4.488420257375836e-05,1.0518770644476778e-05,7.053552865759691e-05,0.0,Germany,DEU,baden-wurttemberg,,,Linux-7.0.0-31-generic-x86_64-with-glibc2.43,3.14.4,3.3.0,24,Intel(R) Core(TM) Ultra 9 285K,1,1 x NVIDIA GeForce RTX 5090,9.2986,48.7383,60.81614685058594,machine,0.0,0.0,0.0,0.0,N
rollout_97,2026-09-09T12:42:06,td3_HalfCheetah-v5_seed14577,39fbe670-adae-4439-9e35-1a80df6f449c,0.10596431999874767,1.3306789112418026e-06,1.2558617274016392e-05,30.760031091919437,82.14112997802918,20.0,1.0276777665865766e-06,1.8700014958739075e-06,5.953747111359705e-07,3.4930539735966715e-06,0.0,Germany,DEU,baden-wurttemberg,,,Linux-7.0.0-31-generic-x86_64-with-glibc2.43,3.14.4,3.3.0,24,Intel(R) Core(TM) Ultra 9 285K,1,1 x NVIDIA GeForce RTX 5090,9.2986,48.7383,60.81614685058594,machine,0.0,0.0,0.0,0.0,N
gradient_updates_97,2026-09-09T12:42:08,td3_HalfCheetah-v5_seed14577,39fbe670-adae-4439-9e35-1a80df6f449c,1.9119855629978701,2.762699490237077e-05,1.444951109047873e-05,30.76036855131115,82.17447831518781,20.0,1.4799066561460572e-05,4.7109759909957916e-05,1.0612488405523611e-05,7.252131487694123e-05,0.0,Germany,DEU,baden-wurttemberg,,,Linux-7.0.0-31-generic-x86_64-with-glibc2.43,3.14.4,3.3.0,24,Intel(R) Core(TM) Ultra 9 285K,1,1 x NVIDIA GeForce RTX 5090,9.2986,48.7383,60.81614685058594,machine,0.0,0.0,0.0,0.0,N
rollout_98,2026-09-09T12:42:08,td3_HalfCheetah-v5_seed14577,39fbe670-adae-4439-9e35-1a80df6f449c,0.11007378798967693,1.3047836636488792e-06,1.1851295799704972e-05,30.73597925057722,82.09227900302584,20.0,8.060525892791826e-07,2.008334940128975e-06,6.106909944112761e-07,3.425078523819e-06,0.0,Germany,DEU,baden-wurttemberg,,,Linux-7.0.0-31-generic-x86_64-with-glibc2.43,3.14.4,3.3.0,24,Intel(R) Core(TM) Ultra 9 285K,1,1 x NVIDIA GeForce RTX 5090,9.2986,48.7383,60.81614685058594,machine,0.0,0.0,0.0,0.0,N
gradient_updates_98,2026-09-09T12:42:10,td3_HalfCheetah-v5_seed14577,39fbe670-adae-4439-9e35-1a80df6f449c,1.8793974989966955,2.775276259368029e-05,1.4766917096095016e-05,30.71943991975741,82.13458587159215,20.0,1.5124858210986691e-05,4.72878156079215e-05,1.0438783311110403e-05,7.285145713001838e-05,0.0,Germany,DEU,baden-wurttemberg,,,Linux-7.0.0-31-generic-x86_64-with-glibc2.43,3.14.4,3.3.0,24,Intel(R) Core(TM) Ultra 9 285K,1,1 x NVIDIA GeForce RTX 5090,9.2986,48.7383,60.81614685058594,machine,0.0,0.0,0.0,0.0,N
rollout_99,2026-09-09T12:42:10,td3_HalfCheetah-v5_seed14577,39fbe670-adae-4439-9e35-1a80df6f449c,0.10615850400063209,1.314846578357419e-06,1.2385025794338949e-05,30.741465268795157,82.03132699834998,20.0,1.0570083456007406e-06,1.805556999912028e-06,5.889284945118957e-07,3.4514938400242307e-06,0.0,Germany,DEU,baden-wurttemberg,,,Linux-7.0.0-31-generic-x86_64-with-glibc2.43,3.14.4,3.3.0,24,Intel(R) Core(TM) Ultra 9 285K,1,1 x NVIDIA GeForce RTX 5090,9.2986,48.7383,60.81614685058594,machine,0.0,0.0,0.0,0.0,N
gradient_updates_99,2026-09-09T12:42:12,td3_HalfCheetah-v5_seed14577,39fbe670-adae-4439-9e35-1a80df6f449c,1.9079145840078127,2.7381569829779216e-05,1.435169437635223e-05,30.74252195404407,82.0650121201062,20.0,1.4187936072558582e-05,4.709170434002985e-05,1.0597429622268744e-05,7.187707003485783e-05,0.0,Germany,DEU,baden-wurttemberg,,,Linux-7.0.0-31-generic-x86_64-with-glibc2.43,3.14.4,3.3.0,24,Intel(R) Core(TM) Ultra 9 285K,1,1 x NVIDIA GeForce RTX 5090,9.2986,48.7383,60.81614685058594,machine,0.0,0.0,0.0,0.0,N
idle_baseline_tail,2026-09-09T12:43:42,td3_HalfCheetah-v5_seed14577,39fbe670-adae-4439-9e35-1a80df6f449c,90.0033574479894,0.0006778681628247384,7.531588343924971e-06,30.722351391199243,81.83351581183896,20.0,0.00040838090031557195,0.0008710201412600593,0.0005000140071833611,0.0017794150487589928,0.0,Germany,DEU,baden-wurttemberg,,,Linux-7.0.0-31-generic-x86_64-with-glibc2.43,3.14.4,3.3.0,24,Intel(R) Core(TM) Ultra 9 285K,1,1 x NVIDIA GeForce RTX 5090,9.2986,48.7383,60.81614685058594,machine,0.0,0.0,0.0,0.0,N
